rij, nu, x**y_gfortran
  0.30   4.725025   3.3836455021949347E-03
  0.60   4.725025   8.9486827533041685E-02
  0.90   4.725025   6.0784760962497897E-01
  1.20   4.725025   2.3666463572303047E+00
  1.50   4.725025   6.7925931266312958E+00
  1.80   4.725025   1.6075665779289565E+01
  2.10   4.725025   3.3303833226882560E+01
  2.40   4.725025   6.2590384915851210E+01
  2.70   4.725025   1.0919545687842418E+02
  3.00   4.725025   1.7964281696491977E+02
  3.30   4.725025   2.8183266593121277E+02
  3.60   4.725025   4.2515101837261795E+02
  3.90   4.725025   6.2057609865031259E+02
  4.20   4.725025   8.8078209677401685E+02
  4.50   4.725025   1.2202405637645988E+03
  4.80   4.725025   1.6553196771228404E+03
  5.10   4.725025   2.2043815695956259E+03
  5.40   4.725025   2.8878778851781403E+03
  5.70   4.725025   3.7284437030276345E+03
  6.00   4.725025   4.7509899511817803E+03
  0.30   5.725025   1.0150936506584803E-03
  0.60   5.725025   5.3692096519825004E-02
  0.90   5.725025   5.4706284866248100E-01
  1.20   5.725025   2.8399756286763655E+00
  1.50   5.725025   1.0188889689946944E+01
  1.80   5.725025   2.8936198402721221E+01
  2.10   5.725025   6.9938049776453369E+01
  2.40   5.725025   1.5021692379804290E+02
  2.70   5.725025   2.9482773357174523E+02
  3.00   5.725025   5.3892845089475929E+02
  3.30   5.725025   9.3004779757300219E+02
  3.60   5.725025   1.5305436661414244E+03
  3.90   5.725025   2.4202467847362186E+03
  4.20   5.725025   3.6992848064508712E+03
  4.50   5.725025   5.4910825369406948E+03
  4.80   5.725025   7.9455344501896343E+03
  5.10   5.725025   1.1242346004937692E+04
  5.40   5.725025   1.5594540579961957E+04
  5.70   5.725025   2.1252129107257511E+04
  6.00   5.725025   2.8505939707090678E+04
  0.30   9.763290   7.8520521437558764E-06
  0.60   9.763290   6.8238005000996766E-03
  0.90   9.763290   3.5748378700304428E-01
  1.20   9.763290   5.9302017374132587E+00
  1.50   9.763290   5.2387784050518860E+01
  1.80   9.763290   3.1067012799561775E+02
  2.10   9.763290   1.3993308798989201E+03
  2.40   9.763290   5.1536226250907448E+03
  2.70   9.763290   1.6275319576381458E+04
  3.00   9.763290   4.5527434160931152E+04
  3.30   9.763290   1.1545213381621552E+05
  3.60   9.763290   2.6998686916112190E+05
  3.90   9.763290   5.8984128514464176E+05
  4.20   9.763290   1.2160839718381865E+06
  4.50   9.763290   2.3850813891970804E+06
  4.80   9.763290   4.4787390611491334E+06
  5.10   9.763290   8.0949249115279280E+06
  5.40   9.763290   1.4144013798088545E+07
  5.70   9.763290   2.3978688152310032E+07
  6.00   9.763290   3.9565469294886090E+07
