# wf X-he3  theta,wfmax(theta)
   0.00000   3.0197383422E-002   9.1188196555E-004
   1.00559   3.0197383422E-002   9.1188196555E-004
   2.01117   3.0197383422E-002   9.1188196555E-004
   3.01676   3.0197383422E-002   9.1188196555E-004
   4.02235   3.0197383422E-002   9.1188196555E-004
   5.02793   3.0197383422E-002   9.1188196555E-004
   6.03352   3.0197383422E-002   9.1188196555E-004
   7.03911   3.0197383422E-002   9.1188196555E-004
   8.04469   3.0197383422E-002   9.1188196555E-004
   9.05028   3.0197383422E-002   9.1188196555E-004
  10.05587   3.0197383422E-002   9.1188196555E-004
  11.06145   3.0197383422E-002   9.1188196555E-004
  12.06704   3.0197383422E-002   9.1188196555E-004
  13.07263   3.0197383422E-002   9.1188196555E-004
  14.07821   3.0197383422E-002   9.1188196555E-004
  15.08380   3.0197383422E-002   9.1188196555E-004
  16.08939   3.0197383422E-002   9.1188196555E-004
  17.09497   3.0197383422E-002   9.1188196555E-004
  18.10056   3.0197383422E-002   9.1188196555E-004
  19.10615   3.0197383422E-002   9.1188196555E-004
  20.11173   3.0197383422E-002   9.1188196555E-004
  21.11732   3.0197383422E-002   9.1188196555E-004
  22.12291   3.0197383422E-002   9.1188196555E-004
  23.12849   3.0197383422E-002   9.1188196555E-004
  24.13408   3.0197383422E-002   9.1188196555E-004
  25.13966   3.0197383422E-002   9.1188196555E-004
  26.14525   3.0197383422E-002   9.1188196555E-004
  27.15084   3.0197383422E-002   9.1188196555E-004
  28.15642   3.0197383422E-002   9.1188196555E-004
  29.16201   3.0197383422E-002   9.1188196555E-004
  30.16760   3.0197383422E-002   9.1188196555E-004
  31.17318   3.0197383422E-002   9.1188196555E-004
  32.17877   3.0197383422E-002   9.1188196555E-004
  33.18436   3.0197383422E-002   9.1188196555E-004
  34.18994   3.0197383422E-002   9.1188196555E-004
  35.19553   3.0197383422E-002   9.1188196555E-004
  36.20112   3.0197383422E-002   9.1188196555E-004
  37.20670   3.0197383422E-002   9.1188196555E-004
  38.21229   3.0197383422E-002   9.1188196555E-004
  39.21788   3.0197383422E-002   9.1188196555E-004
  40.22346   3.0197383422E-002   9.1188196555E-004
  41.22905   3.0197383422E-002   9.1188196555E-004
  42.23464   3.0197383422E-002   9.1188196555E-004
  43.24022   3.0197383422E-002   9.1188196555E-004
  44.24581   3.0197383422E-002   9.1188196555E-004
  45.25140   3.0197383422E-002   9.1188196555E-004
  46.25698   3.0197383422E-002   9.1188196555E-004
  47.26257   3.0197383422E-002   9.1188196555E-004
  48.26816   3.0197383422E-002   9.1188196555E-004
  49.27374   3.0197383422E-002   9.1188196555E-004
  50.27933   3.0197383422E-002   9.1188196555E-004
  51.28492   3.0197383422E-002   9.1188196555E-004
  52.29050   3.0197383422E-002   9.1188196555E-004
  53.29609   3.0197383422E-002   9.1188196555E-004
  54.30168   3.0197383422E-002   9.1188196555E-004
  55.30726   3.0197383422E-002   9.1188196555E-004
  56.31285   3.0197383422E-002   9.1188196555E-004
  57.31844   3.0197383422E-002   9.1188196555E-004
  58.32402   3.0197383422E-002   9.1188196555E-004
  59.32961   3.0197383422E-002   9.1188196555E-004
  60.33520   3.0197383422E-002   9.1188196555E-004
  61.34078   3.0197383422E-002   9.1188196555E-004
  62.34637   3.0197383422E-002   9.1188196555E-004
  63.35196   3.0197383422E-002   9.1188196555E-004
  64.35754   3.0197383422E-002   9.1188196555E-004
  65.36313   3.0197383422E-002   9.1188196555E-004
  66.36872   3.0197383422E-002   9.1188196555E-004
  67.37430   3.0197383422E-002   9.1188196555E-004
  68.37989   3.0197383422E-002   9.1188196555E-004
  69.38547   3.0197383422E-002   9.1188196555E-004
  70.39106   3.0197383422E-002   9.1188196555E-004
  71.39665   3.0197383422E-002   9.1188196555E-004
  72.40223   3.0197383422E-002   9.1188196555E-004
  73.40782   3.0197383422E-002   9.1188196555E-004
  74.41341   3.0197383422E-002   9.1188196555E-004
  75.41899   3.0197383422E-002   9.1188196555E-004
  76.42458   3.0197383422E-002   9.1188196555E-004
  77.43017   3.0197383422E-002   9.1188196555E-004
  78.43575   3.0197383422E-002   9.1188196555E-004
  79.44134   3.0197383422E-002   9.1188196555E-004
  80.44693   3.0197383422E-002   9.1188196555E-004
  81.45251   3.0197383422E-002   9.1188196555E-004
  82.45810   3.0197383422E-002   9.1188196555E-004
  83.46369   3.0197383422E-002   9.1188196555E-004
  84.46927   3.0197383422E-002   9.1188196555E-004
  85.47486   3.0197383422E-002   9.1188196555E-004
  86.48045   3.0197383422E-002   9.1188196555E-004
  87.48603   3.0197383422E-002   9.1188196555E-004
  88.49162   3.0197383422E-002   9.1188196555E-004
  89.49721   3.0197383422E-002   9.1188196555E-004
  90.50279   3.0197383422E-002   9.1188196555E-004
  91.50838   3.0197383422E-002   9.1188196555E-004
  92.51397   3.0197383422E-002   9.1188196555E-004
  93.51955   3.0197383422E-002   9.1188196555E-004
  94.52514   3.0197383422E-002   9.1188196555E-004
  95.53073   3.0197383422E-002   9.1188196555E-004
  96.53631   3.0197383422E-002   9.1188196555E-004
  97.54190   3.0197383422E-002   9.1188196555E-004
  98.54749   3.0197383422E-002   9.1188196555E-004
  99.55307   3.0197383422E-002   9.1188196555E-004
 100.55866   3.0197383422E-002   9.1188196555E-004
 101.56425   3.0197383422E-002   9.1188196555E-004
 102.56983   3.0197383422E-002   9.1188196555E-004
 103.57542   3.0197383422E-002   9.1188196555E-004
 104.58101   3.0197383422E-002   9.1188196555E-004
 105.58659   3.0197383422E-002   9.1188196555E-004
 106.59218   3.0197383422E-002   9.1188196555E-004
 107.59777   3.0197383422E-002   9.1188196555E-004
 108.60335   3.0197383422E-002   9.1188196555E-004
 109.60894   3.0197383422E-002   9.1188196555E-004
 110.61453   3.0197383422E-002   9.1188196555E-004
 111.62011   3.0197383422E-002   9.1188196555E-004
 112.62570   3.0197383422E-002   9.1188196555E-004
 113.63128   3.0197383422E-002   9.1188196555E-004
 114.63687   3.0197383422E-002   9.1188196555E-004
 115.64246   3.0197383422E-002   9.1188196555E-004
 116.64804   3.0197383422E-002   9.1188196555E-004
 117.65363   3.0197383422E-002   9.1188196555E-004
 118.65922   3.0197383422E-002   9.1188196555E-004
 119.66480   3.0197383422E-002   9.1188196555E-004
 120.67039   3.0197383422E-002   9.1188196555E-004
 121.67598   3.0197383422E-002   9.1188196555E-004
 122.68156   3.0197383422E-002   9.1188196555E-004
 123.68715   3.0197383422E-002   9.1188196555E-004
 124.69274   3.0197383422E-002   9.1188196555E-004
 125.69832   3.0197383422E-002   9.1188196555E-004
 126.70391   3.0197383422E-002   9.1188196555E-004
 127.70950   3.0197383422E-002   9.1188196555E-004
 128.71508   3.0197383422E-002   9.1188196555E-004
 129.72067   3.0197383422E-002   9.1188196555E-004
 130.72626   3.0197383422E-002   9.1188196555E-004
 131.73184   3.0197383422E-002   9.1188196555E-004
 132.73743   3.0197383422E-002   9.1188196555E-004
 133.74302   3.0197383422E-002   9.1188196555E-004
 134.74860   3.0197383422E-002   9.1188196555E-004
 135.75419   3.0197383422E-002   9.1188196555E-004
 136.75978   3.0197383422E-002   9.1188196555E-004
 137.76536   3.0197383422E-002   9.1188196555E-004
 138.77095   3.0197383422E-002   9.1188196555E-004
 139.77654   3.0197383422E-002   9.1188196555E-004
 140.78212   3.0197383422E-002   9.1188196555E-004
 141.78771   3.0197383422E-002   9.1188196555E-004
 142.79330   3.0197383422E-002   9.1188196555E-004
 143.79888   3.0197383422E-002   9.1188196555E-004
 144.80447   3.0197383422E-002   9.1188196555E-004
 145.81006   3.0197383422E-002   9.1188196555E-004
 146.81564   3.0197383422E-002   9.1188196555E-004
 147.82123   3.0197383422E-002   9.1188196555E-004
 148.82682   3.0197383422E-002   9.1188196555E-004
 149.83240   3.0197383422E-002   9.1188196555E-004
 150.83799   3.0197383422E-002   9.1188196555E-004
 151.84358   3.0197383422E-002   9.1188196555E-004
 152.84916   3.0197383422E-002   9.1188196555E-004
 153.85475   3.0197383422E-002   9.1188196555E-004
 154.86034   3.0197383422E-002   9.1188196555E-004
 155.86592   3.0197383422E-002   9.1188196555E-004
 156.87151   3.0197383422E-002   9.1188196555E-004
 157.87709   3.0197383422E-002   9.1188196555E-004
 158.88268   3.0197383422E-002   9.1188196555E-004
 159.88827   3.0197383422E-002   9.1188196555E-004
 160.89385   3.0197383422E-002   9.1188196555E-004
 161.89944   3.0197383422E-002   9.1188196555E-004
 162.90503   3.0197383422E-002   9.1188196555E-004
 163.91061   3.0197383422E-002   9.1188196555E-004
 164.91620   3.0197383422E-002   9.1188196555E-004
 165.92179   3.0197383422E-002   9.1188196555E-004
 166.92737   3.0197383422E-002   9.1188196555E-004
 167.93296   3.0197383422E-002   9.1188196555E-004
 168.93855   3.0197383422E-002   9.1188196555E-004
 169.94413   3.0197383422E-002   9.1188196555E-004
 170.94972   3.0197383422E-002   9.1188196555E-004
 171.95531   3.0197383422E-002   9.1188196555E-004
 172.96089   3.0197383422E-002   9.1188196555E-004
 173.96648   3.0197383422E-002   9.1188196555E-004
 174.97207   3.0197383422E-002   9.1188196555E-004
 175.97765   3.0197383422E-002   9.1188196555E-004
 176.98324   3.0197383422E-002   9.1188196555E-004
 177.98883   3.0197383422E-002   9.1188196555E-004
 178.99441   3.0197383422E-002   9.1188196555E-004
 180.00000   3.0197383422E-002   9.1188196555E-004
