# z, P_l(z) l=         5
   1.00000        1.0000000000
   0.99985        0.9976910758
   0.99938        0.9907799395
   0.99861        0.9793133855
   0.99754        0.9633690215
   0.99615        0.9430546976
   0.99446        0.9185077129
   0.99246        0.8898938056
   0.99016        0.8574059348
   0.98755        0.8212628622
   0.98464        0.7817075455
   0.98142        0.7390053551
   0.97790        0.6934421276
   0.97408        0.6453220708
   0.96996        0.5949655365
   0.96555        0.5427066773
   0.96083        0.4888910053
   0.95582        0.4338728711
   0.95051        0.3780128831
   0.94491        0.3216752843
   0.93902        0.2652253087
   0.93284        0.2090265363
   0.92638        0.1534382657
   0.91963        0.0988129263
   0.91259        0.0454935465
   0.90527       -0.0061886997
   0.89768       -0.0559168528
   0.88981       -0.1033904135
   0.88166       -0.1483274608
   0.87325       -0.1904666232
   0.86456       -0.2295688913
   0.85561       -0.2654192564
   0.84639       -0.2978281642
   0.83691       -0.3266327726
   0.82718       -0.3516980042
   0.81719       -0.3729173860
   0.80695       -0.3902136711
   0.79646       -0.4035392371
   0.78572       -0.4128762595
   0.77475       -0.4182366585
   0.76353       -0.4196618213
   0.75208       -0.4172221010
   0.74040       -0.4110160976
   0.72849       -0.4011697272
   0.71635       -0.3878350857
   0.70400       -0.3711891180
   0.69143       -0.3514321016
   0.67864       -0.3287859586
   0.66565       -0.3034924069
   0.65245       -0.2758109684
   0.63905       -0.2460168470
   0.62545       -0.2143986948
   0.61166       -0.1812562835
   0.59768       -0.1468980983
   0.58352       -0.1116388755
   0.56918       -0.0757970999
   0.55466       -0.0396924836
   0.53997       -0.0036434455
   0.52511        0.0320353901
   0.51010        0.0670356551
   0.49492        0.1010576409
   0.47960        0.1338126253
   0.46413        0.1650251039
   0.44851        0.1944349100
   0.43275        0.2217992063
   0.41687        0.2468943328
   0.40085        0.2695174966
   0.38471        0.2894882925
   0.36845        0.3066500395
   0.35208        0.3208709268
   0.33560        0.3320449577
   0.31901        0.3400926859
   0.30233        0.3449617389
   0.28556        0.3466271233
   0.26869        0.3450913117
   0.25175        0.3403841096
   0.23473        0.3325623043
   0.21763        0.3217090985
   0.20047        0.3079333338
   0.18324        0.2913685098
   0.16596        0.2721716075
   0.14863        0.2505217256
   0.13125        0.2266185419
   0.11383        0.2006806111
   0.09638        0.1729435125
   0.07890        0.1436578630
   0.06139        0.1130872114
   0.04386        0.0815058294
   0.02632        0.0491964184
   0.00878        0.0164477486
  -0.00878       -0.0164477486
  -0.02632       -0.0491964184
  -0.04386       -0.0815058294
  -0.06139       -0.1130872114
  -0.07890       -0.1436578630
  -0.09638       -0.1729435125
  -0.11383       -0.2006806111
  -0.13125       -0.2266185419
  -0.14863       -0.2505217256
  -0.16596       -0.2721716075
  -0.18324       -0.2913685098
  -0.20047       -0.3079333338
  -0.21763       -0.3217090985
  -0.23473       -0.3325623043
  -0.25175       -0.3403841096
  -0.26869       -0.3450913117
  -0.28556       -0.3466271233
  -0.30233       -0.3449617389
  -0.31901       -0.3400926859
  -0.33560       -0.3320449577
  -0.35208       -0.3208709268
  -0.36845       -0.3066500395
  -0.38471       -0.2894882925
  -0.40085       -0.2695174966
  -0.41687       -0.2468943328
  -0.43275       -0.2217992063
  -0.44851       -0.1944349100
  -0.46413       -0.1650251039
  -0.47960       -0.1338126253
  -0.49492       -0.1010576409
  -0.51010       -0.0670356551
  -0.52511       -0.0320353901
  -0.53997        0.0036434455
  -0.55466        0.0396924836
  -0.56918        0.0757970999
  -0.58352        0.1116388755
  -0.59768        0.1468980983
  -0.61166        0.1812562835
  -0.62545        0.2143986948
  -0.63905        0.2460168470
  -0.65245        0.2758109684
  -0.66565        0.3034924069
  -0.67864        0.3287859586
  -0.69143        0.3514321016
  -0.70400        0.3711891180
  -0.71635        0.3878350857
  -0.72849        0.4011697272
  -0.74040        0.4110160976
  -0.75208        0.4172221010
  -0.76353        0.4196618213
  -0.77475        0.4182366585
  -0.78572        0.4128762595
  -0.79646        0.4035392371
  -0.80695        0.3902136711
  -0.81719        0.3729173860
  -0.82718        0.3516980042
  -0.83691        0.3266327726
  -0.84639        0.2978281642
  -0.85561        0.2654192564
  -0.86456        0.2295688913
  -0.87325        0.1904666232
  -0.88166        0.1483274608
  -0.88981        0.1033904135
  -0.89768        0.0559168528
  -0.90527        0.0061886997
  -0.91259       -0.0454935465
  -0.91963       -0.0988129263
  -0.92638       -0.1534382657
  -0.93284       -0.2090265363
  -0.93902       -0.2652253087
  -0.94491       -0.3216752843
  -0.95051       -0.3780128831
  -0.95582       -0.4338728711
  -0.96083       -0.4888910053
  -0.96555       -0.5427066773
  -0.96996       -0.5949655365
  -0.97408       -0.6453220708
  -0.97790       -0.6934421276
  -0.98142       -0.7390053551
  -0.98464       -0.7817075455
  -0.98755       -0.8212628622
  -0.99016       -0.8574059348
  -0.99246       -0.8898938056
  -0.99446       -0.9185077129
  -0.99615       -0.9430546976
  -0.99754       -0.9633690215
  -0.99861       -0.9793133855
  -0.99938       -0.9907799395
  -0.99985       -0.9976910758
  -1.00000       -1.0000000000
