# z, P_l(z) l=         7
   1.00000        1.0000000000
   0.99985        0.9956921651
   0.99938        0.9828236586
   0.99861        0.9615587037
   0.99754        0.9321684473
   0.99615        0.8950271612
   0.99446        0.8506070013
   0.99246        0.7994714015
   0.99016        0.7422671973
   0.98755        0.6797155952
   0.98464        0.6126021169
   0.98142        0.5417656662
   0.97790        0.4680868763
   0.97408        0.3924759060
   0.96996        0.3158598619
   0.96555        0.2391700286
   0.96083        0.1633290901
   0.95582        0.0892385277
   0.95051        0.0177663743
   0.94491       -0.0502644984
   0.93902       -0.1140873933
   0.93284       -0.1730019446
   0.92638       -0.2263832752
   0.91963       -0.2736900245
   0.91259       -0.3144711360
   0.90527       -0.3483713111
   0.89768       -0.3751350563
   0.88981       -0.3946092690
   0.88166       -0.4067443350
   0.87325       -0.4115937246
   0.86456       -0.4093121036
   0.85561       -0.4001519931
   0.84639       -0.3844590350
   0.83691       -0.3626659388
   0.82718       -0.3352852081
   0.81719       -0.3029007582
   0.80695       -0.2661585558
   0.79646       -0.2257564246
   0.78572       -0.1824331714
   0.77475       -0.1369571985
   0.76353       -0.0901147750
   0.75208       -0.0426981413
   0.74040        0.0045063727
   0.72849        0.0507300402
   0.71635        0.0952330666
   0.70400        0.1373153876
   0.69143        0.1763267784
   0.67864        0.2116761253
   0.66565        0.2428397260
   0.65245        0.2693684991
   0.63905        0.2908940003
   0.62545        0.3071331617
   0.61166        0.3178916903
   0.59768        0.3230660812
   0.58352        0.3226442243
   0.56918        0.3167046017
   0.55466        0.3054140980
   0.53997        0.2890244639
   0.52511        0.2678674946
   0.51010        0.2423490046
   0.49492        0.2129416978
   0.47960        0.1801770481
   0.46413        0.1446363207
   0.44851        0.1069408784
   0.43275        0.0677419237
   0.41687        0.0277098402
   0.40085       -0.0124767001
   0.38471       -0.0521416947
   0.36845       -0.0906226619
   0.35208       -0.1272812173
   0.33560       -0.1615132139
   0.31901       -0.1927582862
   0.30233       -0.2205086551
   0.28556       -0.2443170567
   0.26869       -0.2638036746
   0.25175       -0.2786619713
   0.23473       -0.2886633298
   0.21763       -0.2936604372
   0.20047       -0.2935893600
   0.18324       -0.2884702835
   0.16596       -0.2784069048
   0.14863       -0.2635844941
   0.13125       -0.2442666567
   0.11383       -0.2207908496
   0.09638       -0.1935627252
   0.07890       -0.1630493936
   0.06139       -0.1297717110
   0.04386       -0.0942957170
   0.02632       -0.0572233569
   0.00878       -0.0191826363
  -0.00878        0.0191826363
  -0.02632        0.0572233569
  -0.04386        0.0942957170
  -0.06139        0.1297717110
  -0.07890        0.1630493936
  -0.09638        0.1935627252
  -0.11383        0.2207908496
  -0.13125        0.2442666567
  -0.14863        0.2635844941
  -0.16596        0.2784069048
  -0.18324        0.2884702835
  -0.20047        0.2935893600
  -0.21763        0.2936604372
  -0.23473        0.2886633298
  -0.25175        0.2786619713
  -0.26869        0.2638036746
  -0.28556        0.2443170567
  -0.30233        0.2205086551
  -0.31901        0.1927582862
  -0.33560        0.1615132139
  -0.35208        0.1272812173
  -0.36845        0.0906226619
  -0.38471        0.0521416947
  -0.40085        0.0124767001
  -0.41687       -0.0277098402
  -0.43275       -0.0677419237
  -0.44851       -0.1069408784
  -0.46413       -0.1446363207
  -0.47960       -0.1801770481
  -0.49492       -0.2129416978
  -0.51010       -0.2423490046
  -0.52511       -0.2678674946
  -0.53997       -0.2890244639
  -0.55466       -0.3054140980
  -0.56918       -0.3167046017
  -0.58352       -0.3226442243
  -0.59768       -0.3230660812
  -0.61166       -0.3178916903
  -0.62545       -0.3071331617
  -0.63905       -0.2908940003
  -0.65245       -0.2693684991
  -0.66565       -0.2428397260
  -0.67864       -0.2116761253
  -0.69143       -0.1763267784
  -0.70400       -0.1373153876
  -0.71635       -0.0952330666
  -0.72849       -0.0507300402
  -0.74040       -0.0045063727
  -0.75208        0.0426981413
  -0.76353        0.0901147750
  -0.77475        0.1369571985
  -0.78572        0.1824331714
  -0.79646        0.2257564246
  -0.80695        0.2661585558
  -0.81719        0.3029007582
  -0.82718        0.3352852081
  -0.83691        0.3626659388
  -0.84639        0.3844590350
  -0.85561        0.4001519931
  -0.86456        0.4093121036
  -0.87325        0.4115937246
  -0.88166        0.4067443350
  -0.88981        0.3946092690
  -0.89768        0.3751350563
  -0.90527        0.3483713111
  -0.91259        0.3144711360
  -0.91963        0.2736900245
  -0.92638        0.2263832752
  -0.93284        0.1730019446
  -0.93902        0.1140873933
  -0.94491        0.0502644984
  -0.95051       -0.0177663743
  -0.95582       -0.0892385277
  -0.96083       -0.1633290901
  -0.96555       -0.2391700286
  -0.96996       -0.3158598619
  -0.97408       -0.3924759060
  -0.97790       -0.4680868763
  -0.98142       -0.5417656662
  -0.98464       -0.6126021169
  -0.98755       -0.6797155952
  -0.99016       -0.7422671973
  -0.99246       -0.7994714015
  -0.99446       -0.8506070013
  -0.99615       -0.8950271612
  -0.99754       -0.9321684473
  -0.99861       -0.9615587037
  -0.99938       -0.9828236586
  -0.99985       -0.9956921651
  -1.00000       -1.0000000000
