# z, P_l(z) l=         9
   1.00000        1.0000000000
   0.99985        0.9930812250
   0.99938        0.9724673939
   0.99861        0.9385827527
   0.99754        0.8921236659
   0.99615        0.8340428153
   0.99446        0.7655276045
   0.99246        0.6879732790
   0.99016        0.6029513986
   0.98755        0.5121744057
   0.98464        0.4174571250
   0.98142        0.3206761022
   0.97790        0.2237277364
   0.97408        0.1284861887
   0.96996        0.0367620515
   0.96555       -0.0497372583
   0.96083       -0.1294444634
   0.95582       -0.2009658935
   0.95051       -0.2631106919
   0.94491       -0.3149150965
   0.93902       -0.3556612569
   0.93284       -0.3848901766
   0.92638       -0.4024085167
   0.91963       -0.4082891405
   0.91259       -0.4028654344
   0.90527       -0.3867195843
   0.89768       -0.3606651355
   0.88981       -0.3257242957
   0.88166       -0.2831005674
   0.87325       -0.2341474033
   0.86456       -0.1803336707
   0.85561       -0.1232067828
   0.84639       -0.0643544049
   0.83691       -0.0053656744
   0.82718        0.0522071256
   0.81719        0.1068855114
   0.80695        0.1572994800
   0.79646        0.2022191026
   0.78572        0.2405822886
   0.77475        0.2715180777
   0.76353        0.2943649341
   0.75208        0.3086836380
   0.74040        0.3142645137
   0.72849        0.3111288679
   0.71635        0.2995246600
   0.70400        0.2799165679
   0.69143        0.2529707505
   0.67864        0.2195347370
   0.66565        0.1806129922
   0.65245        0.1373388103
   0.63905        0.0909432762
   0.62545        0.0427221020
   0.61166       -0.0059988063
   0.59768       -0.0538981717
   0.58352       -0.0996936746
   0.56918       -0.1421749210
   0.55466       -0.1802342241
   0.53997       -0.2128944366
   0.52511       -0.2393331464
   0.51010       -0.2589026493
   0.49492       -0.2711452191
   0.47960       -0.2758033203
   0.46413       -0.2728245396
   0.44851       -0.2623611456
   0.43275       -0.2447643265
   0.41687       -0.2205732887
   0.40085       -0.1904995313
   0.38471       -0.1554067318
   0.36845       -0.1162867895
   0.35208       -0.0742326678
   0.33560       -0.0304087568
   0.31901        0.0139804628
   0.30233        0.0577226335
   0.28556        0.0996297708
   0.26869        0.1385697124
   0.25175        0.1734959505
   0.23473        0.2034750796
   0.21763        0.2277111522
   0.20047        0.2455663207
   0.18324        0.2565772376
   0.16596        0.2604668019
   0.14863        0.2571509562
   0.13125        0.2467403715
   0.11383        0.2295369870
   0.09638        0.2060255077
   0.07890        0.1768600896
   0.06139        0.1428465716
   0.04386        0.1049207231
   0.02632        0.0641230822
   0.00878        0.0215710471
  -0.00878       -0.0215710471
  -0.02632       -0.0641230822
  -0.04386       -0.1049207231
  -0.06139       -0.1428465716
  -0.07890       -0.1768600896
  -0.09638       -0.2060255077
  -0.11383       -0.2295369870
  -0.13125       -0.2467403715
  -0.14863       -0.2571509562
  -0.16596       -0.2604668019
  -0.18324       -0.2565772376
  -0.20047       -0.2455663207
  -0.21763       -0.2277111522
  -0.23473       -0.2034750796
  -0.25175       -0.1734959505
  -0.26869       -0.1385697124
  -0.28556       -0.0996297708
  -0.30233       -0.0577226335
  -0.31901       -0.0139804628
  -0.33560        0.0304087568
  -0.35208        0.0742326678
  -0.36845        0.1162867895
  -0.38471        0.1554067318
  -0.40085        0.1904995313
  -0.41687        0.2205732887
  -0.43275        0.2447643265
  -0.44851        0.2623611456
  -0.46413        0.2728245396
  -0.47960        0.2758033203
  -0.49492        0.2711452191
  -0.51010        0.2589026493
  -0.52511        0.2393331464
  -0.53997        0.2128944366
  -0.55466        0.1802342241
  -0.56918        0.1421749210
  -0.58352        0.0996936746
  -0.59768        0.0538981717
  -0.61166        0.0059988063
  -0.62545       -0.0427221020
  -0.63905       -0.0909432762
  -0.65245       -0.1373388103
  -0.66565       -0.1806129922
  -0.67864       -0.2195347370
  -0.69143       -0.2529707505
  -0.70400       -0.2799165679
  -0.71635       -0.2995246600
  -0.72849       -0.3111288679
  -0.74040       -0.3142645137
  -0.75208       -0.3086836380
  -0.76353       -0.2943649341
  -0.77475       -0.2715180777
  -0.78572       -0.2405822886
  -0.79646       -0.2022191026
  -0.80695       -0.1572994800
  -0.81719       -0.1068855114
  -0.82718       -0.0522071256
  -0.83691        0.0053656744
  -0.84639        0.0643544049
  -0.85561        0.1232067828
  -0.86456        0.1803336707
  -0.87325        0.2341474033
  -0.88166        0.2831005674
  -0.88981        0.3257242957
  -0.89768        0.3606651355
  -0.90527        0.3867195843
  -0.91259        0.4028654344
  -0.91963        0.4082891405
  -0.92638        0.4024085167
  -0.93284        0.3848901766
  -0.93902        0.3556612569
  -0.94491        0.3149150965
  -0.95051        0.2631106919
  -0.95582        0.2009658935
  -0.96083        0.1294444634
  -0.96555        0.0497372583
  -0.96996       -0.0367620515
  -0.97408       -0.1284861887
  -0.97790       -0.2237277364
  -0.98142       -0.3206761022
  -0.98464       -0.4174571250
  -0.98755       -0.5121744057
  -0.99016       -0.6029513986
  -0.99246       -0.6879732790
  -0.99446       -0.7655276045
  -0.99615       -0.8340428153
  -0.99754       -0.8921236659
  -0.99861       -0.9385827527
  -0.99938       -0.9724673939
  -0.99985       -0.9930812250
  -1.00000       -1.0000000000
