# Potencial X-he  theta,vmin(theta)
   0.00000   3.0000000000E+000
   1.00559   3.0000000000E+000
   2.01117   3.0000000000E+000
   3.01676   3.0000000000E+000
   4.02235   3.0000000000E+000
   5.02793   3.0000000000E+000
   6.03352   3.0000000000E+000
   7.03911   3.0000000000E+000
   8.04469   3.0000000000E+000
   9.05028   3.0000000000E+000
  10.05587   3.0000000000E+000
  11.06145   3.0000000000E+000
  12.06704   3.0000000000E+000
  13.07263   3.0000000000E+000
  14.07821   3.0000000000E+000
  15.08380   3.0000000000E+000
  16.08939   3.0000000000E+000
  17.09497   3.0000000000E+000
  18.10056   3.0000000000E+000
  19.10615   3.0000000000E+000
  20.11173   3.0000000000E+000
  21.11732   3.0000000000E+000
  22.12291   3.0000000000E+000
  23.12849   3.0000000000E+000
  24.13408   3.0000000000E+000
  25.13966   3.0000000000E+000
  26.14525   3.0000000000E+000
  27.15084   3.0000000000E+000
  28.15642   3.0000000000E+000
  29.16201   3.0000000000E+000
  30.16760   3.0000000000E+000
  31.17318   3.0000000000E+000
  32.17877   3.0000000000E+000
  33.18436   3.0000000000E+000
  34.18994   3.0000000000E+000
  35.19553   3.0000000000E+000
  36.20112   3.0000000000E+000
  37.20670   3.0000000000E+000
  38.21229   3.0000000000E+000
  39.21788   3.0000000000E+000
  40.22346   3.0000000000E+000
  41.22905   3.0000000000E+000
  42.23464   3.0000000000E+000
  43.24022   3.0000000000E+000
  44.24581   3.0000000000E+000
  45.25140   3.0000000000E+000
  46.25698   3.0000000000E+000
  47.26257   3.0000000000E+000
  48.26816   3.0000000000E+000
  49.27374   3.0000000000E+000
  50.27933   3.0000000000E+000
  51.28492   3.0000000000E+000
  52.29050   3.0000000000E+000
  53.29609   3.0000000000E+000
  54.30168   3.0000000000E+000
  55.30726   3.0000000000E+000
  56.31285   3.0000000000E+000
  57.31844   3.0000000000E+000
  58.32402   3.0000000000E+000
  59.32961   3.0000000000E+000
  60.33520   3.0000000000E+000
  61.34078   3.0000000000E+000
  62.34637   3.0000000000E+000
  63.35196   3.0000000000E+000
  64.35754   3.0000000000E+000
  65.36313   3.0000000000E+000
  66.36872   3.0000000000E+000
  67.37430   3.0000000000E+000
  68.37989   3.0000000000E+000
  69.38547   3.0000000000E+000
  70.39106   3.0000000000E+000
  71.39665   3.0000000000E+000
  72.40223   3.0000000000E+000
  73.40782   3.0000000000E+000
  74.41341   3.0000000000E+000
  75.41899   3.0000000000E+000
  76.42458   3.0000000000E+000
  77.43017   3.0000000000E+000
  78.43575   3.0000000000E+000
  79.44134   3.0000000000E+000
  80.44693   3.0000000000E+000
  81.45251   3.0000000000E+000
  82.45810   3.0000000000E+000
  83.46369   3.0000000000E+000
  84.46927   3.0000000000E+000
  85.47486   3.0000000000E+000
  86.48045   3.0000000000E+000
  87.48603   3.0000000000E+000
  88.49162   3.0000000000E+000
  89.49721   3.0000000000E+000
  90.50279   3.0000000000E+000
  91.50838   3.0000000000E+000
  92.51397   3.0000000000E+000
  93.51955   3.0000000000E+000
  94.52514   3.0000000000E+000
  95.53073   3.0000000000E+000
  96.53631   3.0000000000E+000
  97.54190   3.0000000000E+000
  98.54749   3.0000000000E+000
  99.55307   3.0000000000E+000
 100.55866   3.0000000000E+000
 101.56425   3.0000000000E+000
 102.56983   3.0000000000E+000
 103.57542   3.0000000000E+000
 104.58101   3.0000000000E+000
 105.58659   3.0000000000E+000
 106.59218   3.0000000000E+000
 107.59777   3.0000000000E+000
 108.60335   3.0000000000E+000
 109.60894   3.0000000000E+000
 110.61453   3.0000000000E+000
 111.62011   3.0000000000E+000
 112.62570   3.0000000000E+000
 113.63128   3.0000000000E+000
 114.63687   3.0000000000E+000
 115.64246   3.0000000000E+000
 116.64804   3.0000000000E+000
 117.65363   3.0000000000E+000
 118.65922   3.0000000000E+000
 119.66480   3.0000000000E+000
 120.67039   3.0000000000E+000
 121.67598   3.0000000000E+000
 122.68156   3.0000000000E+000
 123.68715   3.0000000000E+000
 124.69274   3.0000000000E+000
 125.69832   3.0000000000E+000
 126.70391   3.0000000000E+000
 127.70950   3.0000000000E+000
 128.71508   3.0000000000E+000
 129.72067   3.0000000000E+000
 130.72626   3.0000000000E+000
 131.73184   3.0000000000E+000
 132.73743   3.0000000000E+000
 133.74302   3.0000000000E+000
 134.74860   3.0000000000E+000
 135.75419   3.0000000000E+000
 136.75978   3.0000000000E+000
 137.76536   3.0000000000E+000
 138.77095   3.0000000000E+000
 139.77654   3.0000000000E+000
 140.78212   3.0000000000E+000
 141.78771   3.0000000000E+000
 142.79330   3.0000000000E+000
 143.79888   3.0000000000E+000
 144.80447   3.0000000000E+000
 145.81006   3.0000000000E+000
 146.81564   3.0000000000E+000
 147.82123   3.0000000000E+000
 148.82682   3.0000000000E+000
 149.83240   3.0000000000E+000
 150.83799   3.0000000000E+000
 151.84358   3.0000000000E+000
 152.84916   3.0000000000E+000
 153.85475   3.0000000000E+000
 154.86034   3.0000000000E+000
 155.86592   3.0000000000E+000
 156.87151   3.0000000000E+000
 157.87709   3.0000000000E+000
 158.88268   3.0000000000E+000
 159.88827   3.0000000000E+000
 160.89385   3.0000000000E+000
 161.89944   3.0000000000E+000
 162.90503   3.0000000000E+000
 163.91061   3.0000000000E+000
 164.91620   3.0000000000E+000
 165.92179   3.0000000000E+000
 166.92737   3.0000000000E+000
 167.93296   3.0000000000E+000
 168.93855   3.0000000000E+000
 169.94413   3.0000000000E+000
 170.94972   3.0000000000E+000
 171.95531   3.0000000000E+000
 172.96089   3.0000000000E+000
 173.96648   3.0000000000E+000
 174.97207   3.0000000000E+000
 175.97765   3.0000000000E+000
 176.98324   3.0000000000E+000
 177.98883   3.0000000000E+000
 178.99441   3.0000000000E+000
 180.00000   3.0000000000E+000
