# z, P_l(z) l=         6
   1.00000        1.0000000000
   0.99985        0.9967682528
   0.99938        0.9871038419
   0.99861        0.9710989376
   0.99754        0.9489060880
   0.99615        0.9207366287
   0.99446        0.8868584788
   0.99246        0.8475933495
   0.99016        0.8033133935
   0.98755        0.7544373327
   0.98464        0.7014261050
   0.98142        0.6447780772
   0.97790        0.5850238767
   0.97408        0.5227208955
   0.96996        0.4584475278
   0.96555        0.3927972018
   0.96083        0.3263722701
   0.95582        0.2597778247
   0.95051        0.1936155017
   0.94491        0.1284773439
   0.93902        0.0649397848
   0.93284        0.0035578192
   0.92638       -0.0551405766
   0.91963       -0.1106597183
   0.91259       -0.1625411228
   0.90527       -0.2103680016
   0.89768       -0.2537692929
   0.88981       -0.2924231883
   0.88166       -0.3260601190
   0.87325       -0.3544651707
   0.86456       -0.3774799026
   0.85561       -0.3950035536
   0.84639       -0.4069936238
   0.83691       -0.4134658283
   0.82718       -0.4144934253
   0.81719       -0.4102059282
   0.80695       -0.4007872185
   0.79646       -0.3864730817
   0.78572       -0.3675481959
   0.77475       -0.3443426074
   0.76353       -0.3172277347
   0.75208       -0.2866119459
   0.74040       -0.2529357602
   0.72849       -0.2166667268
   0.71635       -0.1782940403
   0.70400       -0.1383229510
   0.69143       -0.0972690347
   0.67864       -0.0556523842
   0.66565       -0.0139917870
   0.65245        0.0272010447
   0.63905        0.0674271300
   0.62545        0.1062056976
   0.61166        0.1430794271
   0.59768        0.1776193951
   0.58352        0.2094296738
   0.56918        0.2381515299
   0.55466        0.2634671808
   0.53997        0.2851030667
   0.52511        0.3028326031
   0.51010        0.3164783874
   0.49492        0.3259138341
   0.47960        0.3310642243
   0.46413        0.3319071588
   0.44851        0.3284724131
   0.43275        0.3208411964
   0.41687        0.3091448271
   0.40085        0.2935628400
   0.38471        0.2743205501
   0.36845        0.2516861011
   0.35208        0.2259670346
   0.33560        0.1975064212
   0.31901        0.1666785964
   0.30233        0.1338845540
   0.28556        0.0995470484
   0.26869        0.0641054639
   0.25175        0.0280105086
   0.23473       -0.0082812038
   0.21763       -0.0443126243
   0.20047       -0.0796317261
   0.18324       -0.1137968887
   0.16596       -0.1463821454
   0.14863       -0.1769822347
   0.13125       -0.2052173984
   0.11383       -0.2307378711
   0.09638       -0.2532280094
   0.07890       -0.2724100152
   0.06139       -0.2880472088
   0.04386       -0.2999468157
   0.02632       -0.3079622358
   0.00878       -0.3119947672
  -0.00878       -0.3119947672
  -0.02632       -0.3079622358
  -0.04386       -0.2999468157
  -0.06139       -0.2880472088
  -0.07890       -0.2724100152
  -0.09638       -0.2532280094
  -0.11383       -0.2307378711
  -0.13125       -0.2052173984
  -0.14863       -0.1769822347
  -0.16596       -0.1463821454
  -0.18324       -0.1137968887
  -0.20047       -0.0796317261
  -0.21763       -0.0443126243
  -0.23473       -0.0082812038
  -0.25175        0.0280105086
  -0.26869        0.0641054639
  -0.28556        0.0995470484
  -0.30233        0.1338845540
  -0.31901        0.1666785964
  -0.33560        0.1975064212
  -0.35208        0.2259670346
  -0.36845        0.2516861011
  -0.38471        0.2743205501
  -0.40085        0.2935628400
  -0.41687        0.3091448271
  -0.43275        0.3208411964
  -0.44851        0.3284724131
  -0.46413        0.3319071588
  -0.47960        0.3310642243
  -0.49492        0.3259138341
  -0.51010        0.3164783874
  -0.52511        0.3028326031
  -0.53997        0.2851030667
  -0.55466        0.2634671808
  -0.56918        0.2381515299
  -0.58352        0.2094296738
  -0.59768        0.1776193951
  -0.61166        0.1430794271
  -0.62545        0.1062056976
  -0.63905        0.0674271300
  -0.65245        0.0272010447
  -0.66565       -0.0139917870
  -0.67864       -0.0556523842
  -0.69143       -0.0972690347
  -0.70400       -0.1383229510
  -0.71635       -0.1782940403
  -0.72849       -0.2166667268
  -0.74040       -0.2529357602
  -0.75208       -0.2866119459
  -0.76353       -0.3172277347
  -0.77475       -0.3443426074
  -0.78572       -0.3675481959
  -0.79646       -0.3864730817
  -0.80695       -0.4007872185
  -0.81719       -0.4102059282
  -0.82718       -0.4144934253
  -0.83691       -0.4134658283
  -0.84639       -0.4069936238
  -0.85561       -0.3950035536
  -0.86456       -0.3774799026
  -0.87325       -0.3544651707
  -0.88166       -0.3260601190
  -0.88981       -0.2924231883
  -0.89768       -0.2537692929
  -0.90527       -0.2103680016
  -0.91259       -0.1625411228
  -0.91963       -0.1106597183
  -0.92638       -0.0551405766
  -0.93284        0.0035578192
  -0.93902        0.0649397848
  -0.94491        0.1284773439
  -0.95051        0.1936155017
  -0.95582        0.2597778247
  -0.96083        0.3263722701
  -0.96555        0.3927972018
  -0.96996        0.4584475278
  -0.97408        0.5227208955
  -0.97790        0.5850238767
  -0.98142        0.6447780772
  -0.98464        0.7014261050
  -0.98755        0.7544373327
  -0.99016        0.8033133935
  -0.99246        0.8475933495
  -0.99446        0.8868584788
  -0.99615        0.9207366287
  -0.99754        0.9489060880
  -0.99861        0.9710989376
  -0.99938        0.9871038419
  -0.99985        0.9967682528
  -1.00000        1.0000000000
