# z, P_l(z) l=         2
   1.00000        1.0000000000
   0.99985        0.9995380017
   0.99938        0.9981525761
   0.99861        0.9958454299
   0.99754        0.9926194057
   0.99615        0.9884784777
   0.99446        0.9834277476
   0.99246        0.9774734380
   0.99016        0.9706228844
   0.98755        0.9628845268
   0.98464        0.9542678987
   0.98142        0.9447836158
   0.97790        0.9344433627
   0.97408        0.9232598785
   0.96996        0.9112469412
   0.96555        0.8984193508
   0.96083        0.8847929107
   0.95582        0.8703844087
   0.95051        0.8552115960
   0.94491        0.8392931654
   0.93902        0.8226487283
   0.93284        0.8052987906
   0.92638        0.7872647273
   0.91963        0.7685687564
   0.91259        0.7492339112
   0.90527        0.7292840121
   0.89768        0.7087436373
   0.88981        0.6876380924
   0.88166        0.6659933795
   0.87325        0.6438361646
   0.86456        0.6211937454
   0.85561        0.5980940172
   0.84639        0.5745654388
   0.83691        0.5506369972
   0.82718        0.5263381723
   0.81719        0.5016989000
   0.80695        0.4767495358
   0.79646        0.4515208172
   0.78572        0.4260438260
   0.77475        0.4003499495
   0.76353        0.3744708426
   0.75208        0.3484383882
   0.74040        0.3222846581
   0.72849        0.2960418737
   0.71635        0.2697423659
   0.70400        0.2434185356
   0.69143        0.2171028137
   0.67864        0.1908276209
   0.66565        0.1646253282
   0.65245        0.1385282167
   0.63905        0.1125684380
   0.62545        0.0867779742
   0.61166        0.0611885993
   0.59768        0.0358318392
   0.58352        0.0107389332
   0.56918       -0.0140592042
   0.55466       -0.0385320219
   0.53997       -0.0626493695
   0.52511       -0.0863815345
   0.51010       -0.1096992790
   0.49492       -0.1325738757
   0.47960       -0.1549771431
   0.46413       -0.1768814805
   0.44851       -0.1982599019
   0.43275       -0.2190860692
   0.41687       -0.2393343246
   0.40085       -0.2589797224
   0.38471       -0.2779980595
   0.36845       -0.2963659055
   0.35208       -0.3140606311
   0.33560       -0.3310604367
   0.31901       -0.3473443784
   0.30233       -0.3628923947
   0.28556       -0.3776853304
   0.26869       -0.3917049606
   0.25175       -0.4049340133
   0.23473       -0.4173561902
   0.21763       -0.4289561875
   0.20047       -0.4397197138
   0.18324       -0.4496335087
   0.16596       -0.4586853583
   0.14863       -0.4668641107
   0.13125       -0.4741596900
   0.11383       -0.4805631078
   0.09638       -0.4860664752
   0.07890       -0.4906630121
   0.06139       -0.4943470556
   0.04386       -0.4971140670
   0.02632       -0.4989606373
   0.00878       -0.4998844915
  -0.00878       -0.4998844915
  -0.02632       -0.4989606373
  -0.04386       -0.4971140670
  -0.06139       -0.4943470556
  -0.07890       -0.4906630121
  -0.09638       -0.4860664752
  -0.11383       -0.4805631078
  -0.13125       -0.4741596900
  -0.14863       -0.4668641107
  -0.16596       -0.4586853583
  -0.18324       -0.4496335087
  -0.20047       -0.4397197138
  -0.21763       -0.4289561875
  -0.23473       -0.4173561902
  -0.25175       -0.4049340133
  -0.26869       -0.3917049606
  -0.28556       -0.3776853304
  -0.30233       -0.3628923947
  -0.31901       -0.3473443784
  -0.33560       -0.3310604367
  -0.35208       -0.3140606311
  -0.36845       -0.2963659055
  -0.38471       -0.2779980595
  -0.40085       -0.2589797224
  -0.41687       -0.2393343246
  -0.43275       -0.2190860692
  -0.44851       -0.1982599019
  -0.46413       -0.1768814805
  -0.47960       -0.1549771431
  -0.49492       -0.1325738757
  -0.51010       -0.1096992790
  -0.52511       -0.0863815345
  -0.53997       -0.0626493695
  -0.55466       -0.0385320219
  -0.56918       -0.0140592042
  -0.58352        0.0107389332
  -0.59768        0.0358318392
  -0.61166        0.0611885993
  -0.62545        0.0867779742
  -0.63905        0.1125684380
  -0.65245        0.1385282167
  -0.66565        0.1646253282
  -0.67864        0.1908276209
  -0.69143        0.2171028137
  -0.70400        0.2434185356
  -0.71635        0.2697423659
  -0.72849        0.2960418737
  -0.74040        0.3222846581
  -0.75208        0.3484383882
  -0.76353        0.3744708426
  -0.77475        0.4003499495
  -0.78572        0.4260438260
  -0.79646        0.4515208172
  -0.80695        0.4767495358
  -0.81719        0.5016989000
  -0.82718        0.5263381723
  -0.83691        0.5506369972
  -0.84639        0.5745654388
  -0.85561        0.5980940172
  -0.86456        0.6211937454
  -0.87325        0.6438361646
  -0.88166        0.6659933795
  -0.88981        0.6876380924
  -0.89768        0.7087436373
  -0.90527        0.7292840121
  -0.91259        0.7492339112
  -0.91963        0.7685687564
  -0.92638        0.7872647273
  -0.93284        0.8052987906
  -0.93902        0.8226487283
  -0.94491        0.8392931654
  -0.95051        0.8552115960
  -0.95582        0.8703844087
  -0.96083        0.8847929107
  -0.96555        0.8984193508
  -0.96996        0.9112469412
  -0.97408        0.9232598785
  -0.97790        0.9344433627
  -0.98142        0.9447836158
  -0.98464        0.9542678987
  -0.98755        0.9628845268
  -0.99016        0.9706228844
  -0.99246        0.9774734380
  -0.99446        0.9834277476
  -0.99615        0.9884784777
  -0.99754        0.9926194057
  -0.99861        0.9958454299
  -0.99938        0.9981525761
  -0.99985        0.9995380017
  -1.00000        1.0000000000
