# z, P_l(z) l=         4
   1.00000        1.0000000000
   0.99985        0.9984604208
   0.99938        0.9938485567
   0.99861        0.9861849951
   0.99754        0.9755039389
   0.99615        0.9618530418
   0.99446        0.9452931801
   0.99246        0.9258981605
   0.99016        0.9037543659
   0.98755        0.8789603416
   0.98464        0.8516263221
   0.98142        0.8218737036
   0.97790        0.7898344613
   0.97408        0.7556505182
   0.96996        0.7194730647
   0.96555        0.6814618355
   0.96083        0.6417843452
   0.95582        0.6006150876
   0.95051        0.5581347015
   0.94491        0.5145291087
   0.93902        0.4699886262
   0.93284        0.4247070593
   0.92638        0.3788807782
   0.91963        0.3327077835
   0.91259        0.2863867648
   0.90527        0.2401161577
   0.89768        0.1940932025
   0.88981        0.1485130106
   0.88166        0.1035676421
   0.87325        0.0594451997
   0.86456        0.0163289429
   0.85561       -0.0256035724
   0.84639       -0.0661813260
   0.83691       -0.1052406321
   0.82718       -0.1426259009
   0.81719       -0.1781903601
   0.80695       -0.2117967312
   0.79646       -0.2433178599
   0.78572       -0.2726372946
   0.77475       -0.2996498124
   0.76353       -0.3242618893
   0.75208       -0.3463921122
   0.74040       -0.3659715306
   0.72849       -0.3829439474
   0.71635       -0.3972661456
   0.70400       -0.4089080519
   0.69143       -0.4178528348
   0.67864       -0.4240969376
   0.66565       -0.4276500460
   0.65245       -0.4285349905
   0.63905       -0.4267875843
   0.62545       -0.4224563974
   0.61166       -0.4156024683
   0.59768       -0.4062989537
   0.58352       -0.3946307204
   0.56918       -0.3806938786
   0.55466       -0.3645952609
   0.53997       -0.3464518490
   0.52511       -0.3263901512
   0.51010       -0.3045455331
   0.49492       -0.2810615058
   0.47960       -0.2560889749
   0.46413       -0.2297854533
   0.44851       -0.2023142431
   0.43275       -0.1738435893
   0.41687       -0.1445458106
   0.40085       -0.1145964108
   0.38471       -0.0841731759
   0.36845       -0.0534552610
   0.35208       -0.0226222716
   0.33560        0.0081466562
   0.31901        0.0386737715
   0.30233        0.0687836168
   0.28556        0.0983039228
   0.26869        0.1270664873
   0.25175        0.1549080312
   0.23473        0.1816710298
   0.21763        0.2072045140
   0.20047        0.2313648374
   0.18324        0.2540164062
   0.16596        0.2750323671
   0.14863        0.2942952519
   0.13125        0.3116975725
   0.11383        0.3271423665
   0.09638        0.3405436885
   0.07890        0.3518270457
   0.06139        0.3609297753
   0.04386        0.3678013621
   0.02632        0.3724036938
   0.00878        0.3747112548
  -0.00878        0.3747112548
  -0.02632        0.3724036938
  -0.04386        0.3678013621
  -0.06139        0.3609297753
  -0.07890        0.3518270457
  -0.09638        0.3405436885
  -0.11383        0.3271423665
  -0.13125        0.3116975725
  -0.14863        0.2942952519
  -0.16596        0.2750323671
  -0.18324        0.2540164062
  -0.20047        0.2313648374
  -0.21763        0.2072045140
  -0.23473        0.1816710298
  -0.25175        0.1549080312
  -0.26869        0.1270664873
  -0.28556        0.0983039228
  -0.30233        0.0687836168
  -0.31901        0.0386737715
  -0.33560        0.0081466562
  -0.35208       -0.0226222716
  -0.36845       -0.0534552610
  -0.38471       -0.0841731759
  -0.40085       -0.1145964108
  -0.41687       -0.1445458106
  -0.43275       -0.1738435893
  -0.44851       -0.2023142431
  -0.46413       -0.2297854533
  -0.47960       -0.2560889749
  -0.49492       -0.2810615058
  -0.51010       -0.3045455331
  -0.52511       -0.3263901512
  -0.53997       -0.3464518490
  -0.55466       -0.3645952609
  -0.56918       -0.3806938786
  -0.58352       -0.3946307204
  -0.59768       -0.4062989537
  -0.61166       -0.4156024683
  -0.62545       -0.4224563974
  -0.63905       -0.4267875843
  -0.65245       -0.4285349905
  -0.66565       -0.4276500460
  -0.67864       -0.4240969376
  -0.69143       -0.4178528348
  -0.70400       -0.4089080519
  -0.71635       -0.3972661456
  -0.72849       -0.3829439474
  -0.74040       -0.3659715306
  -0.75208       -0.3463921122
  -0.76353       -0.3242618893
  -0.77475       -0.2996498124
  -0.78572       -0.2726372946
  -0.79646       -0.2433178599
  -0.80695       -0.2117967312
  -0.81719       -0.1781903601
  -0.82718       -0.1426259009
  -0.83691       -0.1052406321
  -0.84639       -0.0661813260
  -0.85561       -0.0256035724
  -0.86456        0.0163289429
  -0.87325        0.0594451997
  -0.88166        0.1035676421
  -0.88981        0.1485130106
  -0.89768        0.1940932025
  -0.90527        0.2401161577
  -0.91259        0.2863867648
  -0.91963        0.3327077835
  -0.92638        0.3788807782
  -0.93284        0.4247070593
  -0.93902        0.4699886262
  -0.94491        0.5145291087
  -0.95051        0.5581347015
  -0.95582        0.6006150876
  -0.96083        0.6417843452
  -0.96555        0.6814618355
  -0.96996        0.7194730647
  -0.97408        0.7556505182
  -0.97790        0.7898344613
  -0.98142        0.8218737036
  -0.98464        0.8516263221
  -0.98755        0.8789603416
  -0.99016        0.9037543659
  -0.99246        0.9258981605
  -0.99446        0.9452931801
  -0.99615        0.9618530418
  -0.99754        0.9755039389
  -0.99861        0.9861849951
  -0.99938        0.9938485567
  -0.99985        0.9984604208
  -1.00000        1.0000000000
