# wf X-he4  theta,wfmax(theta)
   0.00000   1.5971558584E-007   2.5509068362E-014
   1.00559   1.5964979262E-007   2.5488056285E-014
   2.01117   1.5945274401E-007   2.5425177571E-014
   3.01676   1.5912542975E-007   2.5320902394E-014
   4.02235   1.5866948824E-007   2.5176006498E-014
   5.02793   1.5808718982E-007   2.4991559586E-014
   6.03352   1.5738141394E-007   2.4768909454E-014
   7.03911   1.5655562036E-007   2.4509662265E-014
   8.04469   1.5561381497E-007   2.4215659411E-014
   9.05028   1.5456051085E-007   2.3888951514E-014
  10.05587   1.5340068496E-007   2.3531770146E-014
  11.06145   1.5213973145E-007   2.3146497885E-014
  12.06704   1.5078341207E-007   2.2735637356E-014
  13.07263   1.4933780454E-007   2.2301779866E-014
  14.07821   1.4780924956E-007   2.1847574256E-014
  15.08380   1.4620429725E-007   2.1375696534E-014
  16.08939   1.4452965371E-007   2.0888820801E-014
  17.09497   1.4279212836E-007   2.0389591920E-014
  18.10056   1.4099858272E-007   1.9880600329E-014
  19.10615   1.3915588119E-007   1.9364359268E-014
  20.11173   1.3727084428E-007   1.8843284690E-014
  21.11732   1.3535020488E-007   1.8319677961E-014
  22.12291   1.3340056767E-007   1.7795711456E-014
  23.12849   1.3142837227E-007   1.7273417038E-014
  24.13408   1.2943986004E-007   1.6754677368E-014
  25.13966   1.2744104489E-007   1.6241219923E-014
  26.14525   1.2543768802E-007   1.5734613575E-014
  27.15084   1.2343527665E-007   1.5236267521E-014
  28.15642   1.2143900668E-007   1.4747432343E-014
  29.16201   1.1945376915E-007   1.4269202965E-014
  30.16760   1.1748414034E-007   1.3802523231E-014
  31.17318   1.1553437527E-007   1.3348191869E-014
  32.17877   1.1360840450E-007   1.2906869573E-014
  33.18436   1.1170983381E-007   1.2479086970E-014
  34.18994   1.0984194661E-007   1.2065253234E-014
  35.19553   1.0800770869E-007   1.1665665137E-014
  36.20112   1.0620977520E-007   1.1280516349E-014
  37.20670   1.0445049936E-007   1.0909906816E-014
  38.21229   1.0273194273E-007   1.0553852057E-014
  39.21788   1.0105588686E-007   1.0212292268E-014
  40.22346   9.9423845843E-008   9.8851011223E-015
  41.22905   9.7837079768E-008   9.5720941776E-015
  42.23464   9.6296608653E-008   9.2730368380E-015
  43.24022   9.4803226801E-008   8.9876518119E-015
  44.24581   9.3357517323E-008   8.7156260407E-015
  45.25140   9.1959866679E-008   8.4566170797E-015
  46.25698   9.0610479111E-008   8.2102589247E-015
  47.26257   8.9309390829E-008   7.9761672903E-015
  48.26816   8.8056483870E-008   7.7539443515E-015
  49.27374   8.6851499519E-008   7.5431829686E-015
  50.27933   8.5694051260E-008   7.3434704213E-015
  51.28492   8.4583637178E-008   7.1543916783E-015
  52.29050   8.3519651793E-008   6.9755322356E-015
  53.29609   8.2501397296E-008   6.8064805558E-015
  54.30168   8.1528094185E-008   6.6468301415E-015
  55.30726   8.0598891291E-008   6.4961812773E-015
  56.31285   7.9712875200E-008   6.3541424727E-015
  57.31844   7.8869079106E-008   6.2203316390E-015
  58.32402   7.8066491082E-008   6.0943770299E-015
  59.32961   7.7304061833E-008   5.9759179759E-015
  60.33520   7.6580711925E-008   5.8646054389E-015
  61.34078   7.5895338547E-008   5.7601024132E-015
  62.34637   7.5246821829E-008   5.6620841954E-015
  63.35196   7.4634030747E-008   5.5702385456E-015
  64.35754   7.4055828655E-008   5.4842657577E-015
  65.36313   7.3511078473E-008   5.4038786583E-015
  66.36872   7.2998647570E-008   5.3288025470E-015
  67.37430   7.2517412354E-008   5.2587750946E-015
  68.37989   7.2066262625E-008   5.1935462087E-015
  69.38547   7.1644105680E-008   5.1328778787E-015
  70.39106   7.1249870231E-008   5.0765440080E-015
  71.39665   7.0882510122E-008   5.0243302412E-015
  72.40223   7.0541007881E-008   4.9760337929E-015
  73.40782   7.0224378112E-008   4.9314632812E-015
  74.41341   6.9931670737E-008   4.8904385721E-015
  75.41899   6.9661974099E-008   4.8527906354E-015
  76.42458   6.9414417924E-008   4.8183614157E-015
  77.43017   6.9188176146E-008   4.7870037185E-015
  78.43575   6.8982469596E-008   4.7585811115E-015
  79.44134   6.8796568541E-008   4.7329678430E-015
  80.44693   6.8629795087E-008   4.7100487737E-015
  81.45251   6.8481525417E-008   4.6897193234E-015
  82.45810   6.8351191872E-008   4.6718854303E-015
  83.46369   6.8238284855E-008   4.6564635199E-015
  84.46927   6.8142354561E-008   4.6433804852E-015
  85.47486   6.8063012511E-008   4.6325736720E-015
  86.48045   6.7999932884E-008   4.6239908722E-015
  87.48603   6.7952853652E-008   4.6175903194E-015
  88.49162   6.7921577484E-008   4.6133406880E-015
  89.49721   6.7905972444E-008   4.6112210935E-015
  90.50279   6.7905972444E-008   4.6112210935E-015
  91.50838   6.7921577484E-008   4.6133406880E-015
  92.51397   6.7952853652E-008   4.6175903194E-015
  93.51955   6.7999932884E-008   4.6239908722E-015
  94.52514   6.8063012511E-008   4.6325736720E-015
  95.53073   6.8142354561E-008   4.6433804852E-015
  96.53631   6.8238284855E-008   4.6564635199E-015
  97.54190   6.8351191872E-008   4.6718854303E-015
  98.54749   6.8481525417E-008   4.6897193234E-015
  99.55307   6.8629795087E-008   4.7100487737E-015
 100.55866   6.8796568541E-008   4.7329678430E-015
 101.56425   6.8982469596E-008   4.7585811115E-015
 102.56983   6.9188176146E-008   4.7870037185E-015
 103.57542   6.9414417924E-008   4.8183614157E-015
 104.58101   6.9661974099E-008   4.8527906354E-015
 105.58659   6.9931670737E-008   4.8904385721E-015
 106.59218   7.0224378112E-008   4.9314632812E-015
 107.59777   7.0541007881E-008   4.9760337929E-015
 108.60335   7.0882510122E-008   5.0243302412E-015
 109.60894   7.1249870231E-008   5.0765440080E-015
 110.61453   7.1644105680E-008   5.1328778787E-015
 111.62011   7.2066262625E-008   5.1935462087E-015
 112.62570   7.2517412354E-008   5.2587750946E-015
 113.63128   7.2998647570E-008   5.3288025470E-015
 114.63687   7.3511078473E-008   5.4038786583E-015
 115.64246   7.4055828655E-008   5.4842657577E-015
 116.64804   7.4634030747E-008   5.5702385456E-015
 117.65363   7.5246821829E-008   5.6620841954E-015
 118.65922   7.5895338547E-008   5.7601024132E-015
 119.66480   7.6580711925E-008   5.8646054389E-015
 120.67039   7.7304061833E-008   5.9759179759E-015
 121.67598   7.8066491082E-008   6.0943770299E-015
 122.68156   7.8869079106E-008   6.2203316390E-015
 123.68715   7.9712875200E-008   6.3541424727E-015
 124.69274   8.0598891291E-008   6.4961812773E-015
 125.69832   8.1528094185E-008   6.6468301415E-015
 126.70391   8.2501397296E-008   6.8064805558E-015
 127.70950   8.3519651793E-008   6.9755322356E-015
 128.71508   8.4583637178E-008   7.1543916783E-015
 129.72067   8.5694051260E-008   7.3434704213E-015
 130.72626   8.6851499519E-008   7.5431829686E-015
 131.73184   8.8056483870E-008   7.7539443515E-015
 132.73743   8.9309390829E-008   7.9761672903E-015
 133.74302   9.0610479111E-008   8.2102589247E-015
 134.74860   9.1959866679E-008   8.4566170797E-015
 135.75419   9.3357517323E-008   8.7156260407E-015
 136.75978   9.4803226801E-008   8.9876518119E-015
 137.76536   9.6296608653E-008   9.2730368380E-015
 138.77095   9.7837079768E-008   9.5720941776E-015
 139.77654   9.9423845843E-008   9.8851011223E-015
 140.78212   1.0105588686E-007   1.0212292268E-014
 141.78771   1.0273194273E-007   1.0553852057E-014
 142.79330   1.0445049936E-007   1.0909906816E-014
 143.79888   1.0620977520E-007   1.1280516349E-014
 144.80447   1.0800770869E-007   1.1665665137E-014
 145.81006   1.0984194661E-007   1.2065253234E-014
 146.81564   1.1170983381E-007   1.2479086970E-014
 147.82123   1.1360840450E-007   1.2906869573E-014
 148.82682   1.1553437527E-007   1.3348191869E-014
 149.83240   1.1748414034E-007   1.3802523231E-014
 150.83799   1.1945376915E-007   1.4269202965E-014
 151.84358   1.2143900668E-007   1.4747432343E-014
 152.84916   1.2343527665E-007   1.5236267521E-014
 153.85475   1.2543768802E-007   1.5734613575E-014
 154.86034   1.2744104489E-007   1.6241219923E-014
 155.86592   1.2943986004E-007   1.6754677368E-014
 156.87151   1.3142837227E-007   1.7273417038E-014
 157.87709   1.3340056767E-007   1.7795711456E-014
 158.88268   1.3535020488E-007   1.8319677961E-014
 159.88827   1.3727084428E-007   1.8843284690E-014
 160.89385   1.3915588119E-007   1.9364359268E-014
 161.89944   1.4099858272E-007   1.9880600329E-014
 162.90503   1.4279212836E-007   2.0389591920E-014
 163.91061   1.4452965371E-007   2.0888820801E-014
 164.91620   1.4620429725E-007   2.1375696534E-014
 165.92179   1.4780924956E-007   2.1847574256E-014
 166.92737   1.4933780454E-007   2.2301779866E-014
 167.93296   1.5078341207E-007   2.2735637356E-014
 168.93855   1.5213973145E-007   2.3146497885E-014
 169.94413   1.5340068496E-007   2.3531770146E-014
 170.94972   1.5456051085E-007   2.3888951514E-014
 171.95531   1.5561381497E-007   2.4215659411E-014
 172.96089   1.5655562036E-007   2.4509662265E-014
 173.96648   1.5738141394E-007   2.4768909454E-014
 174.97207   1.5808718982E-007   2.4991559586E-014
 175.97765   1.5866948824E-007   2.5176006498E-014
 176.98324   1.5912542975E-007   2.5320902394E-014
 177.98883   1.5945274401E-007   2.5425177571E-014
 178.99441   1.5964979262E-007   2.5488056285E-014
 180.00000   1.5971558584E-007   2.5509068362E-014
