# z, P_l(z) l=         0
   1.00000        1.0000000000
   0.99985        1.0000000000
   0.99938        1.0000000000
   0.99861        1.0000000000
   0.99754        1.0000000000
   0.99615        1.0000000000
   0.99446        1.0000000000
   0.99246        1.0000000000
   0.99016        1.0000000000
   0.98755        1.0000000000
   0.98464        1.0000000000
   0.98142        1.0000000000
   0.97790        1.0000000000
   0.97408        1.0000000000
   0.96996        1.0000000000
   0.96555        1.0000000000
   0.96083        1.0000000000
   0.95582        1.0000000000
   0.95051        1.0000000000
   0.94491        1.0000000000
   0.93902        1.0000000000
   0.93284        1.0000000000
   0.92638        1.0000000000
   0.91963        1.0000000000
   0.91259        1.0000000000
   0.90527        1.0000000000
   0.89768        1.0000000000
   0.88981        1.0000000000
   0.88166        1.0000000000
   0.87325        1.0000000000
   0.86456        1.0000000000
   0.85561        1.0000000000
   0.84639        1.0000000000
   0.83691        1.0000000000
   0.82718        1.0000000000
   0.81719        1.0000000000
   0.80695        1.0000000000
   0.79646        1.0000000000
   0.78572        1.0000000000
   0.77475        1.0000000000
   0.76353        1.0000000000
   0.75208        1.0000000000
   0.74040        1.0000000000
   0.72849        1.0000000000
   0.71635        1.0000000000
   0.70400        1.0000000000
   0.69143        1.0000000000
   0.67864        1.0000000000
   0.66565        1.0000000000
   0.65245        1.0000000000
   0.63905        1.0000000000
   0.62545        1.0000000000
   0.61166        1.0000000000
   0.59768        1.0000000000
   0.58352        1.0000000000
   0.56918        1.0000000000
   0.55466        1.0000000000
   0.53997        1.0000000000
   0.52511        1.0000000000
   0.51010        1.0000000000
   0.49492        1.0000000000
   0.47960        1.0000000000
   0.46413        1.0000000000
   0.44851        1.0000000000
   0.43275        1.0000000000
   0.41687        1.0000000000
   0.40085        1.0000000000
   0.38471        1.0000000000
   0.36845        1.0000000000
   0.35208        1.0000000000
   0.33560        1.0000000000
   0.31901        1.0000000000
   0.30233        1.0000000000
   0.28556        1.0000000000
   0.26869        1.0000000000
   0.25175        1.0000000000
   0.23473        1.0000000000
   0.21763        1.0000000000
   0.20047        1.0000000000
   0.18324        1.0000000000
   0.16596        1.0000000000
   0.14863        1.0000000000
   0.13125        1.0000000000
   0.11383        1.0000000000
   0.09638        1.0000000000
   0.07890        1.0000000000
   0.06139        1.0000000000
   0.04386        1.0000000000
   0.02632        1.0000000000
   0.00878        1.0000000000
  -0.00878        1.0000000000
  -0.02632        1.0000000000
  -0.04386        1.0000000000
  -0.06139        1.0000000000
  -0.07890        1.0000000000
  -0.09638        1.0000000000
  -0.11383        1.0000000000
  -0.13125        1.0000000000
  -0.14863        1.0000000000
  -0.16596        1.0000000000
  -0.18324        1.0000000000
  -0.20047        1.0000000000
  -0.21763        1.0000000000
  -0.23473        1.0000000000
  -0.25175        1.0000000000
  -0.26869        1.0000000000
  -0.28556        1.0000000000
  -0.30233        1.0000000000
  -0.31901        1.0000000000
  -0.33560        1.0000000000
  -0.35208        1.0000000000
  -0.36845        1.0000000000
  -0.38471        1.0000000000
  -0.40085        1.0000000000
  -0.41687        1.0000000000
  -0.43275        1.0000000000
  -0.44851        1.0000000000
  -0.46413        1.0000000000
  -0.47960        1.0000000000
  -0.49492        1.0000000000
  -0.51010        1.0000000000
  -0.52511        1.0000000000
  -0.53997        1.0000000000
  -0.55466        1.0000000000
  -0.56918        1.0000000000
  -0.58352        1.0000000000
  -0.59768        1.0000000000
  -0.61166        1.0000000000
  -0.62545        1.0000000000
  -0.63905        1.0000000000
  -0.65245        1.0000000000
  -0.66565        1.0000000000
  -0.67864        1.0000000000
  -0.69143        1.0000000000
  -0.70400        1.0000000000
  -0.71635        1.0000000000
  -0.72849        1.0000000000
  -0.74040        1.0000000000
  -0.75208        1.0000000000
  -0.76353        1.0000000000
  -0.77475        1.0000000000
  -0.78572        1.0000000000
  -0.79646        1.0000000000
  -0.80695        1.0000000000
  -0.81719        1.0000000000
  -0.82718        1.0000000000
  -0.83691        1.0000000000
  -0.84639        1.0000000000
  -0.85561        1.0000000000
  -0.86456        1.0000000000
  -0.87325        1.0000000000
  -0.88166        1.0000000000
  -0.88981        1.0000000000
  -0.89768        1.0000000000
  -0.90527        1.0000000000
  -0.91259        1.0000000000
  -0.91963        1.0000000000
  -0.92638        1.0000000000
  -0.93284        1.0000000000
  -0.93902        1.0000000000
  -0.94491        1.0000000000
  -0.95051        1.0000000000
  -0.95582        1.0000000000
  -0.96083        1.0000000000
  -0.96555        1.0000000000
  -0.96996        1.0000000000
  -0.97408        1.0000000000
  -0.97790        1.0000000000
  -0.98142        1.0000000000
  -0.98464        1.0000000000
  -0.98755        1.0000000000
  -0.99016        1.0000000000
  -0.99246        1.0000000000
  -0.99446        1.0000000000
  -0.99615        1.0000000000
  -0.99754        1.0000000000
  -0.99861        1.0000000000
  -0.99938        1.0000000000
  -0.99985        1.0000000000
  -1.00000        1.0000000000
