# z, P_l(z) l=         1
   1.00000        1.0000000000
   0.99985        0.9998459887
   0.99938        0.9993840023
   0.99861        0.9986141831
   0.99754        0.9975367681
   0.99615        0.9961520894
   0.99446        0.9944605733
   0.99246        0.9924627409
   0.99016        0.9901592075
   0.98755        0.9875506828
   0.98464        0.9846379702
   0.98142        0.9814219669
   0.97790        0.9779036635
   0.97408        0.9740841437
   0.96996        0.9699645840
   0.96555        0.9655462533
   0.96083        0.9608305125
   0.95582        0.9558188143
   0.95051        0.9505127023
   0.94491        0.9449138110
   0.93902        0.9390238649
   0.93284        0.9328446782
   0.92638        0.9263781544
   0.91963        0.9196262851
   0.91259        0.9125911502
   0.90527        0.9052749167
   0.89768        0.8976798380
   0.88981        0.8898082537
   0.88166        0.8816625883
   0.87325        0.8732453510
   0.86456        0.8645591344
   0.85561        0.8556066141
   0.84639        0.8463905477
   0.83691        0.8369137738
   0.82718        0.8271792116
   0.81719        0.8171898596
   0.80695        0.8069487947
   0.79646        0.7964591713
   0.78572        0.7857242205
   0.77475        0.7747472489
   0.76353        0.7635316377
   0.75208        0.7520808415
   0.74040        0.7403983874
   0.72849        0.7284878739
   0.71635        0.7163529698
   0.70400        0.7039974127
   0.69143        0.6914250085
   0.67864        0.6786396299
   0.66565        0.6656452149
   0.65245        0.6524457662
   0.63905        0.6390453494
   0.62545        0.6254480923
   0.61166        0.6116581830
   0.59768        0.5976798693
   0.58352        0.5835174566
   0.56918        0.5691753074
   0.55466        0.5546578393
   0.53997        0.5399695241
   0.52511        0.5251148861
   0.51010        0.5100985009
   0.49492        0.4949249939
   0.47960        0.4795990387
   0.46413        0.4641253563
   0.44851        0.4485087127
   0.43275        0.4327539184
   0.41687        0.4168658260
   0.40085        0.4008493296
   0.38471        0.3847093626
   0.36845        0.3684508964
   0.35208        0.3520789390
   0.33560        0.3355985333
   0.31901        0.3190147557
   0.30233        0.3023327144
   0.28556        0.2855575478
   0.26869        0.2686944230
   0.25175        0.2517485342
   0.23473        0.2347251013
   0.21763        0.2176293677
   0.20047        0.2004665993
   0.18324        0.1832420827
   0.16596        0.1659611234
   0.14863        0.1486290444
   0.13125        0.1312511842
   0.11383        0.1138328957
   0.09638        0.0963795442
   0.07890        0.0788965055
   0.06139        0.0613891649
   0.04386        0.0438629151
   0.02632        0.0263231546
   0.00878        0.0087752858
  -0.00878       -0.0087752858
  -0.02632       -0.0263231546
  -0.04386       -0.0438629151
  -0.06139       -0.0613891649
  -0.07890       -0.0788965055
  -0.09638       -0.0963795442
  -0.11383       -0.1138328957
  -0.13125       -0.1312511842
  -0.14863       -0.1486290444
  -0.16596       -0.1659611234
  -0.18324       -0.1832420827
  -0.20047       -0.2004665993
  -0.21763       -0.2176293677
  -0.23473       -0.2347251013
  -0.25175       -0.2517485342
  -0.26869       -0.2686944230
  -0.28556       -0.2855575478
  -0.30233       -0.3023327144
  -0.31901       -0.3190147557
  -0.33560       -0.3355985333
  -0.35208       -0.3520789390
  -0.36845       -0.3684508964
  -0.38471       -0.3847093626
  -0.40085       -0.4008493296
  -0.41687       -0.4168658260
  -0.43275       -0.4327539184
  -0.44851       -0.4485087127
  -0.46413       -0.4641253563
  -0.47960       -0.4795990387
  -0.49492       -0.4949249939
  -0.51010       -0.5100985009
  -0.52511       -0.5251148861
  -0.53997       -0.5399695241
  -0.55466       -0.5546578393
  -0.56918       -0.5691753074
  -0.58352       -0.5835174566
  -0.59768       -0.5976798693
  -0.61166       -0.6116581830
  -0.62545       -0.6254480923
  -0.63905       -0.6390453494
  -0.65245       -0.6524457662
  -0.66565       -0.6656452149
  -0.67864       -0.6786396299
  -0.69143       -0.6914250085
  -0.70400       -0.7039974127
  -0.71635       -0.7163529698
  -0.72849       -0.7284878739
  -0.74040       -0.7403983874
  -0.75208       -0.7520808415
  -0.76353       -0.7635316377
  -0.77475       -0.7747472489
  -0.78572       -0.7857242205
  -0.79646       -0.7964591713
  -0.80695       -0.8069487947
  -0.81719       -0.8171898596
  -0.82718       -0.8271792116
  -0.83691       -0.8369137738
  -0.84639       -0.8463905477
  -0.85561       -0.8556066141
  -0.86456       -0.8645591344
  -0.87325       -0.8732453510
  -0.88166       -0.8816625883
  -0.88981       -0.8898082537
  -0.89768       -0.8976798380
  -0.90527       -0.9052749167
  -0.91259       -0.9125911502
  -0.91963       -0.9196262851
  -0.92638       -0.9263781544
  -0.93284       -0.9328446782
  -0.93902       -0.9390238649
  -0.94491       -0.9449138110
  -0.95051       -0.9505127023
  -0.95582       -0.9558188143
  -0.96083       -0.9608305125
  -0.96555       -0.9655462533
  -0.96996       -0.9699645840
  -0.97408       -0.9740841437
  -0.97790       -0.9779036635
  -0.98142       -0.9814219669
  -0.98464       -0.9846379702
  -0.98755       -0.9875506828
  -0.99016       -0.9901592075
  -0.99246       -0.9924627409
  -0.99446       -0.9944605733
  -0.99615       -0.9961520894
  -0.99754       -0.9975367681
  -0.99861       -0.9986141831
  -0.99938       -0.9993840023
  -0.99985       -0.9998459887
  -1.00000       -1.0000000000
