# z, P_l(z) l=         8
   1.00000        1.0000000000
   0.99985        0.9944630612
   0.99938        0.9779433411
   0.99861        0.9507124784
   0.99754        0.9132177359
   0.99615        0.8660739060
   0.99446        0.8100521925
   0.99246        0.7460662786
   0.99016        0.6751558430
   0.98755        0.5984678343
   0.98464        0.5172358549
   0.98142        0.4327580432
   0.97790        0.3463738663
   0.97408        0.2594402604
   0.96996        0.1733075623
   0.96555        0.0892956828
   0.96083        0.0086709637
   0.95582       -0.0673758521
   0.95051       -0.1377501307
   0.94491       -0.2014719611
   0.93902       -0.2576925334
   0.93284       -0.3057079856
   0.92638       -0.3449704718
   0.91963       -0.3750962599
   0.91259       -0.3958707219
   0.90527       -0.4072501417
   0.89768       -0.4093603247
   0.88981       -0.4024920563
   0.88166       -0.3870935144
   0.87325       -0.3637598003
   0.86456       -0.3332198064
   0.85561       -0.2963206881
   0.84639       -0.2540102539
   0.83691       -0.2073176242
   0.82718       -0.1573325418
   0.81719       -0.1051837404
   0.80695       -0.0520167947
   0.79646        0.0010281186
   0.78572        0.0528381189
   0.77475        0.1023487575
   0.76353        0.1485639896
   0.75208        0.1905746013
   0.74040        0.2275747484
   0.72849        0.2588762969
   0.71635        0.2839207041
   0.70400        0.3022882276
   0.69143        0.3137043008
   0.67864        0.3180429749
   0.66565        0.3153273792
   0.65245        0.3057272174
   0.63905        0.2895533701
   0.62545        0.2672497334
   0.61166        0.2393824769
   0.59768        0.2066269541
   0.58352        0.1697525427
   0.56918        0.1296057346
   0.55466        0.0870918237
   0.53997        0.0431555709
   0.52511       -0.0012387610
   0.51010       -0.0451275940
   0.49492       -0.0875680389
   0.47960       -0.1276573105
   0.46413       -0.1645511692
   0.44851       -0.1974810195
   0.43275       -0.2257693289
   0.41687       -0.2488430635
   0.40085       -0.2662448791
   0.38471       -0.2776418529
   0.36845       -0.2828315903
   0.35208       -0.2817455977
   0.33560       -0.2744498643
   0.31901       -0.2611426548
   0.30233       -0.2421495727
   0.28556       -0.2179160041
   0.26869       -0.1889971111
   0.25175       -0.1560455878
   0.23473       -0.1197974391
   0.21763       -0.0810560823
   0.20047       -0.0406751033
   0.18324        0.0004599735
   0.16596        0.0414505222
   0.14863        0.0814038713
   0.13125        0.1194521837
   0.11383        0.1547707714
   0.09638        0.1865954697
   0.07890        0.2142387120
   0.06139        0.2371039758
   0.04386        0.2546983043
   0.02632        0.2666426452
   0.00878        0.2726797967
  -0.00878        0.2726797967
  -0.02632        0.2666426452
  -0.04386        0.2546983043
  -0.06139        0.2371039758
  -0.07890        0.2142387120
  -0.09638        0.1865954697
  -0.11383        0.1547707714
  -0.13125        0.1194521837
  -0.14863        0.0814038713
  -0.16596        0.0414505222
  -0.18324        0.0004599735
  -0.20047       -0.0406751033
  -0.21763       -0.0810560823
  -0.23473       -0.1197974391
  -0.25175       -0.1560455878
  -0.26869       -0.1889971111
  -0.28556       -0.2179160041
  -0.30233       -0.2421495727
  -0.31901       -0.2611426548
  -0.33560       -0.2744498643
  -0.35208       -0.2817455977
  -0.36845       -0.2828315903
  -0.38471       -0.2776418529
  -0.40085       -0.2662448791
  -0.41687       -0.2488430635
  -0.43275       -0.2257693289
  -0.44851       -0.1974810195
  -0.46413       -0.1645511692
  -0.47960       -0.1276573105
  -0.49492       -0.0875680389
  -0.51010       -0.0451275940
  -0.52511       -0.0012387610
  -0.53997        0.0431555709
  -0.55466        0.0870918237
  -0.56918        0.1296057346
  -0.58352        0.1697525427
  -0.59768        0.2066269541
  -0.61166        0.2393824769
  -0.62545        0.2672497334
  -0.63905        0.2895533701
  -0.65245        0.3057272174
  -0.66565        0.3153273792
  -0.67864        0.3180429749
  -0.69143        0.3137043008
  -0.70400        0.3022882276
  -0.71635        0.2839207041
  -0.72849        0.2588762969
  -0.74040        0.2275747484
  -0.75208        0.1905746013
  -0.76353        0.1485639896
  -0.77475        0.1023487575
  -0.78572        0.0528381189
  -0.79646        0.0010281186
  -0.80695       -0.0520167947
  -0.81719       -0.1051837404
  -0.82718       -0.1573325418
  -0.83691       -0.2073176242
  -0.84639       -0.2540102539
  -0.85561       -0.2963206881
  -0.86456       -0.3332198064
  -0.87325       -0.3637598003
  -0.88166       -0.3870935144
  -0.88981       -0.4024920563
  -0.89768       -0.4093603247
  -0.90527       -0.4072501417
  -0.91259       -0.3958707219
  -0.91963       -0.3750962599
  -0.92638       -0.3449704718
  -0.93284       -0.3057079856
  -0.93902       -0.2576925334
  -0.94491       -0.2014719611
  -0.95051       -0.1377501307
  -0.95582       -0.0673758521
  -0.96083        0.0086709637
  -0.96555        0.0892956828
  -0.96996        0.1733075623
  -0.97408        0.2594402604
  -0.97790        0.3463738663
  -0.98142        0.4327580432
  -0.98464        0.5172358549
  -0.98755        0.5984678343
  -0.99016        0.6751558430
  -0.99246        0.7460662786
  -0.99446        0.8100521925
  -0.99615        0.8660739060
  -0.99754        0.9132177359
  -0.99861        0.9507124784
  -0.99938        0.9779433411
  -0.99985        0.9944630612
  -1.00000        1.0000000000
