# z, P_l(z) l=         3
   1.00000        1.0000000000
   0.99985        0.9990761102
   0.99938        0.9963068591
   0.99861        0.9916994954
   0.99754        0.9852660777
   0.99615        0.9770234418
   0.99446        0.9669931539
   0.99246        0.9552014517
   0.99016        0.9416791717
   0.98755        0.9264616646
   0.98464        0.9095886979
   0.98142        0.8911043462
   0.97790        0.8710568705
   0.97408        0.8494985844
   0.96996        0.8264857111
   0.96555        0.8020782279
   0.96083        0.7763397015
   0.95582        0.7493371131
   0.95051        0.7211406737
   0.94491        0.6918236317
   0.93902        0.6614620705
   0.93284        0.6301346998
   0.92638        0.5979226389
   0.91963        0.5649091938
   0.91259        0.5311796278
   0.90527        0.4968209276
   0.89768        0.4619215638
   0.88981        0.4265712479
   0.88166        0.3908606857
   0.87325        0.3548813286
   0.86456        0.3187251218
   0.85561        0.2824842522
   0.84639        0.2462508955
   0.83691        0.2101169630
   0.82718        0.1741738496
   0.81719        0.1385121830
   0.80695        0.1032215757
   0.79646        0.0683903790
   0.78572        0.0341054414
   0.77475        0.0004518707
   0.76353       -0.0324871989
   0.75208       -0.0646308340
   0.74040       -0.0959005230
   0.72849       -0.1262203907
   0.71635       -0.1555174050
   0.70400       -0.1837215763
   0.69143       -0.2107661477
   0.67864       -0.2365877766
   0.66565       -0.2611267067
   0.65245       -0.2843269300
   0.63905       -0.3061363383
   0.62545       -0.3265068641
   0.61166       -0.3453946096
   0.59768       -0.3627599646
   0.58352       -0.3785677127
   0.56918       -0.3927871247
   0.55466       -0.4053920396
   0.53997       -0.4163609332
   0.52511       -0.4256769735
   0.51010       -0.4333280636
   0.49492       -0.4393068703
   0.47960       -0.4436108406
   0.46413       -0.4462422044
   0.44851       -0.4472079641
   0.43275       -0.4465198704
   0.41687       -0.4441943856
   0.40085       -0.4402526333
   0.38471       -0.4347203355
   0.36845       -0.4276277368
   0.35208       -0.4190095156
   0.33560       -0.4089046838
   0.31901       -0.3973564739
   0.30233       -0.3844122141
   0.28556       -0.3701231931
   0.26869       -0.3545445126
   0.25175       -0.3377349300
   0.23473       -0.3197566909
   0.21763       -0.3006753515
   0.20047       -0.2805595924
   0.18324       -0.2594810228
   0.16596       -0.2375139779
   0.14863       -0.2147353073
   0.13125       -0.1912241575
   0.11383       -0.1670617474
   0.09638       -0.1423311383
   0.07890       -0.1171169987
   0.06139       -0.0915053649
   0.04386       -0.0655833970
   0.02632       -0.0394391330
   0.00878       -0.0131612394
  -0.00878        0.0131612394
  -0.02632        0.0394391330
  -0.04386        0.0655833970
  -0.06139        0.0915053649
  -0.07890        0.1171169987
  -0.09638        0.1423311383
  -0.11383        0.1670617474
  -0.13125        0.1912241575
  -0.14863        0.2147353073
  -0.16596        0.2375139779
  -0.18324        0.2594810228
  -0.20047        0.2805595924
  -0.21763        0.3006753515
  -0.23473        0.3197566909
  -0.25175        0.3377349300
  -0.26869        0.3545445126
  -0.28556        0.3701231931
  -0.30233        0.3844122141
  -0.31901        0.3973564739
  -0.33560        0.4089046838
  -0.35208        0.4190095156
  -0.36845        0.4276277368
  -0.38471        0.4347203355
  -0.40085        0.4402526333
  -0.41687        0.4441943856
  -0.43275        0.4465198704
  -0.44851        0.4472079641
  -0.46413        0.4462422044
  -0.47960        0.4436108406
  -0.49492        0.4393068703
  -0.51010        0.4333280636
  -0.52511        0.4256769735
  -0.53997        0.4163609332
  -0.55466        0.4053920396
  -0.56918        0.3927871247
  -0.58352        0.3785677127
  -0.59768        0.3627599646
  -0.61166        0.3453946096
  -0.62545        0.3265068641
  -0.63905        0.3061363383
  -0.65245        0.2843269300
  -0.66565        0.2611267067
  -0.67864        0.2365877766
  -0.69143        0.2107661477
  -0.70400        0.1837215763
  -0.71635        0.1555174050
  -0.72849        0.1262203907
  -0.74040        0.0959005230
  -0.75208        0.0646308340
  -0.76353        0.0324871989
  -0.77475       -0.0004518707
  -0.78572       -0.0341054414
  -0.79646       -0.0683903790
  -0.80695       -0.1032215757
  -0.81719       -0.1385121830
  -0.82718       -0.1741738496
  -0.83691       -0.2101169630
  -0.84639       -0.2462508955
  -0.85561       -0.2824842522
  -0.86456       -0.3187251218
  -0.87325       -0.3548813286
  -0.88166       -0.3908606857
  -0.88981       -0.4265712479
  -0.89768       -0.4619215638
  -0.90527       -0.4968209276
  -0.91259       -0.5311796278
  -0.91963       -0.5649091938
  -0.92638       -0.5979226389
  -0.93284       -0.6301346998
  -0.93902       -0.6614620705
  -0.94491       -0.6918236317
  -0.95051       -0.7211406737
  -0.95582       -0.7493371131
  -0.96083       -0.7763397015
  -0.96555       -0.8020782279
  -0.96996       -0.8264857111
  -0.97408       -0.8494985844
  -0.97790       -0.8710568705
  -0.98142       -0.8911043462
  -0.98464       -0.9095886979
  -0.98755       -0.9264616646
  -0.99016       -0.9416791717
  -0.99246       -0.9552014517
  -0.99446       -0.9669931539
  -0.99615       -0.9770234418
  -0.99754       -0.9852660777
  -0.99861       -0.9916994954
  -0.99938       -0.9963068591
  -0.99985       -0.9990761102
  -1.00000       -1.0000000000
