# Potencial he-he
   0.00100  2012049.3135198469
   0.10105  1410870.8163892569
   0.20110   984188.4058531324
   0.30115   682985.6887570313
   0.40120   471506.1126690368
   0.50125   323821.3029131962
   0.60130   221241.1305638929
   0.70135   150372.5924279574
   0.80140   101674.9250052430
   0.90145    68391.2769471155
   1.00150    45763.3577390119
   1.10155    30457.7109624022
   1.20160    20153.1234091228
   1.30165    13246.9430029945
   1.40170     8641.8564806817
   1.50175     5589.8605556146
   1.60180     3581.6083127343
   1.70185     2270.6598680543
   1.80190     1422.2072675249
   1.90195      878.0662948470
   2.00200      532.4904228548
   2.10205      315.3798175881
   2.20210      180.6595564387
   2.30215       98.2994229913
   2.40220       48.8885068403
   2.50225       19.9841639623
   2.60230        3.6787561799
   2.70235       -5.0074736418
   2.80240       -9.1790100303
   2.90245      -10.7490241333
   3.00250      -10.8803767267
   3.10255      -10.2677907131
   3.20260       -9.3169837875
   3.30265       -8.2574533837
   3.40270       -7.2128582042
   3.50275       -6.2445055990
   3.60280       -5.3779172148
   3.70285       -4.6188382870
   3.80290       -3.9627232160
   3.90295       -3.4002323259
   4.00300       -2.9203200332
   4.10305       -2.5118906334
   4.20310       -2.1646186964
   4.30315       -1.8692949071
   4.40320       -1.6179212132
   4.50325       -1.4044629372
   4.60330       -1.2231649851
   4.70335       -1.0686468927
   4.80340       -0.9364987636
   4.90345       -0.8230994024
   5.00350       -0.7254678085
   5.10355       -0.6411428122
   5.20360       -0.5680859317
   5.30365       -0.5046031227
   5.40370       -0.4492817642
   5.50375       -0.4009398658
   5.60380       -0.3585850537
   5.70385       -0.3213813727
   5.80390       -0.2886223380
   5.90395       -0.2597089949
   6.00400       -0.2341319948
   6.10405       -0.2114569046
   6.20410       -0.1913121267
   6.30415       -0.1733789301
   6.40420       -0.1573831987
   6.50425       -0.1430885776
   6.60430       -0.1302907628
   6.70435       -0.1188127301
   6.80440       -0.1085007345
   6.90445       -0.0992209489
   7.00450       -0.0908566289
   7.10455       -0.0833057179
   7.20460       -0.0764788165
   7.30465       -0.0702974578
   7.40470       -0.0646926378
   7.50475       -0.0596035613
   7.60480       -0.0549765683
   7.70485       -0.0507642137
   7.80490       -0.0469244752
   7.90495       -0.0434200727
   8.00500       -0.0402178789
   8.10505       -0.0372884108
   8.20510       -0.0346053892
   8.30515       -0.0321453549
   8.40520       -0.0298873363
   8.50525       -0.0278125592
   8.60530       -0.0259041931
   8.70535       -0.0241471301
   8.80540       -0.0225277906
   8.90545       -0.0210339533
   9.00550       -0.0196546056
   9.10555       -0.0183798119
   9.20560       -0.0172005978
   9.30565       -0.0161088477
   9.40570       -0.0150972142
   9.50575       -0.0141590381
   9.60580       -0.0132882773
   9.70585       -0.0124794440
   9.80590       -0.0117275486
   9.90595       -0.0110280499
  10.00600       -0.0103768105
  10.10605       -0.0097700577
  10.20610       -0.0092043475
  10.30615       -0.0086765337
  10.40620       -0.0081837389
  10.50625       -0.0077233296
  10.60630       -0.0072928933
  10.70635       -0.0068902179
  10.80640       -0.0065132737
  10.90645       -0.0061601964
  11.00650       -0.0058292726
  11.10655       -0.0055189263
  11.20660       -0.0052277064
  11.30665       -0.0049542762
  11.40670       -0.0046974033
  11.50675       -0.0044559504
  11.60680       -0.0042288678
  11.70685       -0.0040151852
  11.80690       -0.0038140058
  11.90695       -0.0036244995
  12.00700       -0.0034458980
  12.10705       -0.0032774894
  12.20710       -0.0031186136
  12.30715       -0.0029686584
  12.40720       -0.0028270554
  12.50725       -0.0026932767
  12.60730       -0.0025668317
  12.70735       -0.0024472642
  12.80740       -0.0023341495
  12.90745       -0.0022270925
  13.00750       -0.0021257249
  13.10755       -0.0020297036
  13.20760       -0.0019387083
  13.30765       -0.0018524406
  13.40770       -0.0017706215
  13.50775       -0.0016929906
  13.60780       -0.0016193045
  13.70785       -0.0015493356
  13.80790       -0.0014828711
  13.90795       -0.0014197115
  14.00800       -0.0013596703
  14.10805       -0.0013025727
  14.20810       -0.0012482547
  14.30815       -0.0011965628
  14.40820       -0.0011473526
  14.50825       -0.0011004889
  14.60830       -0.0010558446
  14.70835       -0.0010133002
  14.80840       -0.0009727437
  14.90845       -0.0009340695
  15.00850       -0.0008971784
  15.10855       -0.0008619769
  15.20860       -0.0008283772
  15.30865       -0.0007962964
  15.40870       -0.0007656566
  15.50875       -0.0007363842
  15.60880       -0.0007084098
  15.70885       -0.0006816681
  15.80890       -0.0006560973
  15.90895       -0.0006316392
  16.00900       -0.0006082388
  16.10905       -0.0005858441
  16.20910       -0.0005644059
  16.30915       -0.0005438779
  16.40920       -0.0005242161
  16.50925       -0.0005053789
  16.60930       -0.0004873271
  16.70935       -0.0004700235
  16.80940       -0.0004534328
  16.90945       -0.0004375216
  17.00950       -0.0004222583
  17.10955       -0.0004076128
  17.20960       -0.0003935569
  17.30965       -0.0003800634
  17.40970       -0.0003671068
  17.50975       -0.0003546628
  17.60980       -0.0003427084
  17.70985       -0.0003312216
  17.80990       -0.0003201817
  17.90995       -0.0003095689
  18.01001       -0.0002993644
  18.11006       -0.0002895504
  18.21011       -0.0002801098
  18.31016       -0.0002710265
  18.41021       -0.0002622851
  18.51026       -0.0002538710
  18.61031       -0.0002457702
  18.71036       -0.0002379696
  18.81041       -0.0002304563
  18.91046       -0.0002232185
  19.01051       -0.0002162446
  19.11056       -0.0002095236
  19.21061       -0.0002030452
  19.31066       -0.0001967993
  19.41071       -0.0001907766
  19.51076       -0.0001849678
  19.61081       -0.0001793644
  19.71086       -0.0001739581
  19.81091       -0.0001687411
  19.91096       -0.0001637057
  20.01101       -0.0001588448
  20.11106       -0.0001541516
  20.21111       -0.0001496193
  20.31116       -0.0001452418
  20.41121       -0.0001410131
  20.51126       -0.0001369273
  20.61131       -0.0001329791
  20.71136       -0.0001291630
  20.81141       -0.0001254742
  20.91146       -0.0001219077
  21.01151       -0.0001184590
  21.11156       -0.0001151235
  21.21161       -0.0001118972
  21.31166       -0.0001087759
  21.41171       -0.0001057557
  21.51176       -0.0001028329
  21.61181       -0.0001000040
  21.71186       -0.0000972655
  21.81191       -0.0000946141
  21.91196       -0.0000920466
  22.01201       -0.0000895601
  22.11206       -0.0000871516
  22.21211       -0.0000848184
  22.31216       -0.0000825577
  22.41221       -0.0000803671
  22.51226       -0.0000782439
  22.61231       -0.0000761860
  22.71236       -0.0000741909
  22.81241       -0.0000722565
  22.91246       -0.0000703808
  23.01251       -0.0000685616
  23.11256       -0.0000667970
  23.21261       -0.0000650852
  23.31266       -0.0000634244
  23.41271       -0.0000618128
  23.51276       -0.0000602489
  23.61281       -0.0000587309
  23.71286       -0.0000572573
  23.81291       -0.0000558267
  23.91296       -0.0000544376
  24.01301       -0.0000530888
  24.11306       -0.0000517787
  24.21311       -0.0000505062
  24.31316       -0.0000492701
  24.41321       -0.0000480691
  24.51326       -0.0000469022
  24.61331       -0.0000457681
  24.71336       -0.0000446660
  24.81341       -0.0000435946
  24.91346       -0.0000425532
  25.01351       -0.0000415407
  25.11356       -0.0000405561
  25.21361       -0.0000395987
  25.31366       -0.0000386676
  25.41371       -0.0000377619
  25.51376       -0.0000368809
  25.61381       -0.0000360237
  25.71386       -0.0000351897
  25.81391       -0.0000343782
  25.91396       -0.0000335884
  26.01401       -0.0000328197
  26.11406       -0.0000320715
  26.21411       -0.0000313431
  26.31416       -0.0000306339
  26.41421       -0.0000299433
  26.51426       -0.0000292709
  26.61431       -0.0000286160
  26.71436       -0.0000279782
  26.81441       -0.0000273569
  26.91446       -0.0000267516
  27.01451       -0.0000261619
  27.11456       -0.0000255873
  27.21461       -0.0000250274
  27.31466       -0.0000244817
  27.41471       -0.0000239498
  27.51476       -0.0000234314
  27.61481       -0.0000229261
  27.71486       -0.0000224334
  27.81491       -0.0000219530
  27.91496       -0.0000214846
  28.01501       -0.0000210278
  28.11506       -0.0000205823
  28.21511       -0.0000201477
  28.31516       -0.0000197239
  28.41521       -0.0000193104
  28.51526       -0.0000189070
  28.61531       -0.0000185133
  28.71536       -0.0000181292
  28.81541       -0.0000177544
  28.91546       -0.0000173886
  29.01551       -0.0000170316
  29.11556       -0.0000166830
  29.21561       -0.0000163428
  29.31566       -0.0000160107
  29.41571       -0.0000156864
  29.51576       -0.0000153697
  29.61581       -0.0000150604
  29.71586       -0.0000147584
  29.81591       -0.0000144635
  29.91596       -0.0000141754
  30.01601       -0.0000138940
  30.11606       -0.0000136190
  30.21611       -0.0000133504
  30.31616       -0.0000130880
  30.41621       -0.0000128315
  30.51626       -0.0000125810
  30.61631       -0.0000123360
  30.71636       -0.0000120967
  30.81641       -0.0000118627
  30.91646       -0.0000116340
  31.01651       -0.0000114105
  31.11656       -0.0000111919
  31.21661       -0.0000109782
  31.31666       -0.0000107692
  31.41671       -0.0000105649
  31.51676       -0.0000103651
  31.61681       -0.0000101697
  31.71686       -0.0000099785
  31.81691       -0.0000097916
  31.91696       -0.0000096087
  32.01701       -0.0000094298
  32.11706       -0.0000092547
  32.21711       -0.0000090835
  32.31716       -0.0000089159
  32.41721       -0.0000087519
  32.51726       -0.0000085915
  32.61731       -0.0000084344
  32.71736       -0.0000082807
  32.81741       -0.0000081303
  32.91746       -0.0000079830
  33.01751       -0.0000078388
  33.11756       -0.0000076977
  33.21761       -0.0000075595
  33.31766       -0.0000074242
  33.41771       -0.0000072917
  33.51776       -0.0000071620
  33.61781       -0.0000070350
  33.71786       -0.0000069105
  33.81791       -0.0000067887
  33.91796       -0.0000066693
  34.01801       -0.0000065524
  34.11806       -0.0000064379
  34.21811       -0.0000063257
  34.31816       -0.0000062157
  34.41821       -0.0000061080
  34.51826       -0.0000060025
  34.61831       -0.0000058991
  34.71836       -0.0000057977
  34.81841       -0.0000056984
  34.91846       -0.0000056011
  35.01851       -0.0000055057
  35.11856       -0.0000054122
  35.21861       -0.0000053205
  35.31866       -0.0000052306
  35.41871       -0.0000051425
  35.51876       -0.0000050562
  35.61881       -0.0000049715
  35.71886       -0.0000048885
  35.81891       -0.0000048071
  35.91896       -0.0000047272
  36.01901       -0.0000046489
  36.11906       -0.0000045721
  36.21911       -0.0000044968
  36.31916       -0.0000044230
  36.41921       -0.0000043505
  36.51926       -0.0000042794
  36.61931       -0.0000042097
  36.71936       -0.0000041413
  36.81941       -0.0000040742
  36.91946       -0.0000040084
  37.01951       -0.0000039438
  37.11956       -0.0000038804
  37.21961       -0.0000038182
  37.31966       -0.0000037571
  37.41971       -0.0000036972
  37.51976       -0.0000036384
  37.61981       -0.0000035807
  37.71986       -0.0000035241
  37.81991       -0.0000034685
  37.91996       -0.0000034139
  38.02001       -0.0000033603
  38.12006       -0.0000033077
  38.22011       -0.0000032560
  38.32016       -0.0000032053
  38.42021       -0.0000031556
  38.52026       -0.0000031067
  38.62031       -0.0000030587
  38.72036       -0.0000030115
  38.82041       -0.0000029652
  38.92046       -0.0000029197
  39.02051       -0.0000028751
  39.12056       -0.0000028312
  39.22061       -0.0000027881
  39.32066       -0.0000027458
  39.42071       -0.0000027043
  39.52076       -0.0000026634
  39.62081       -0.0000026233
  39.72086       -0.0000025839
  39.82091       -0.0000025451
  39.92096       -0.0000025071
  40.02101       -0.0000024697
  40.12106       -0.0000024329
  40.22111       -0.0000023968
  40.32116       -0.0000023614
  40.42121       -0.0000023265
  40.52126       -0.0000022922
  40.62131       -0.0000022585
  40.72136       -0.0000022254
  40.82141       -0.0000021929
  40.92146       -0.0000021609
  41.02151       -0.0000021294
  41.12156       -0.0000020985
  41.22161       -0.0000020681
  41.32166       -0.0000020383
  41.42171       -0.0000020089
  41.52176       -0.0000019800
  41.62181       -0.0000019516
  41.72186       -0.0000019237
  41.82191       -0.0000018962
  41.92196       -0.0000018692
  42.02201       -0.0000018426
  42.12206       -0.0000018165
  42.22211       -0.0000017908
  42.32216       -0.0000017656
  42.42221       -0.0000017407
  42.52226       -0.0000017163
  42.62231       -0.0000016922
  42.72236       -0.0000016686
  42.82241       -0.0000016453
  42.92246       -0.0000016224
  43.02251       -0.0000015999
  43.12256       -0.0000015778
  43.22261       -0.0000015560
  43.32266       -0.0000015345
  43.42271       -0.0000015134
  43.52276       -0.0000014927
  43.62281       -0.0000014722
  43.72286       -0.0000014521
  43.82291       -0.0000014323
  43.92296       -0.0000014129
  44.02301       -0.0000013937
  44.12306       -0.0000013748
  44.22311       -0.0000013563
  44.32316       -0.0000013380
  44.42321       -0.0000013200
  44.52326       -0.0000013023
  44.62331       -0.0000012849
  44.72336       -0.0000012677
  44.82341       -0.0000012508
  44.92346       -0.0000012342
  45.02351       -0.0000012178
  45.12356       -0.0000012017
  45.22361       -0.0000011858
  45.32366       -0.0000011702
  45.42371       -0.0000011548
  45.52376       -0.0000011397
  45.62381       -0.0000011247
  45.72386       -0.0000011100
  45.82391       -0.0000010956
  45.92396       -0.0000010813
  46.02401       -0.0000010673
  46.12406       -0.0000010535
  46.22411       -0.0000010399
  46.32416       -0.0000010265
  46.42421       -0.0000010132
  46.52426       -0.0000010002
  46.62431       -0.0000009874
  46.72436       -0.0000009748
  46.82441       -0.0000009624
  46.92446       -0.0000009501
  47.02451       -0.0000009380
  47.12456       -0.0000009262
  47.22461       -0.0000009144
  47.32466       -0.0000009029
  47.42471       -0.0000008915
  47.52476       -0.0000008803
  47.62481       -0.0000008693
  47.72486       -0.0000008584
  47.82491       -0.0000008477
  47.92496       -0.0000008371
  48.02501       -0.0000008267
  48.12506       -0.0000008164
  48.22511       -0.0000008063
  48.32516       -0.0000007963
  48.42521       -0.0000007865
  48.52526       -0.0000007768
  48.62531       -0.0000007673
  48.72536       -0.0000007579
  48.82541       -0.0000007486
  48.92546       -0.0000007395
  49.02551       -0.0000007305
  49.12556       -0.0000007216
  49.22561       -0.0000007128
  49.32566       -0.0000007042
  49.42571       -0.0000006957
  49.52576       -0.0000006873
  49.62581       -0.0000006790
  49.72586       -0.0000006708
  49.82591       -0.0000006628
  49.92596       -0.0000006549
  50.02601       -0.0000006470
  50.12606       -0.0000006393
  50.22611       -0.0000006317
  50.32616       -0.0000006242
  50.42621       -0.0000006168
  50.52626       -0.0000006095
  50.62631       -0.0000006023
  50.72636       -0.0000005952
  50.82641       -0.0000005882
  50.92646       -0.0000005813
  51.02651       -0.0000005745
  51.12656       -0.0000005678
  51.22661       -0.0000005612
  51.32666       -0.0000005547
  51.42671       -0.0000005482
  51.52676       -0.0000005419
  51.62681       -0.0000005356
  51.72686       -0.0000005294
  51.82691       -0.0000005233
  51.92696       -0.0000005173
  52.02701       -0.0000005113
  52.12706       -0.0000005055
  52.22711       -0.0000004997
  52.32716       -0.0000004940
  52.42721       -0.0000004883
  52.52726       -0.0000004828
  52.62731       -0.0000004773
  52.72736       -0.0000004719
  52.82741       -0.0000004666
  52.92746       -0.0000004613
  53.02751       -0.0000004561
  53.12756       -0.0000004510
  53.22761       -0.0000004459
  53.32766       -0.0000004409
  53.42771       -0.0000004360
  53.52776       -0.0000004311
  53.62781       -0.0000004263
  53.72786       -0.0000004215
  53.82791       -0.0000004169
  53.92796       -0.0000004122
  54.02801       -0.0000004077
  54.12806       -0.0000004032
  54.22811       -0.0000003987
  54.32816       -0.0000003944
  54.42821       -0.0000003900
  54.52826       -0.0000003857
  54.62831       -0.0000003815
  54.72836       -0.0000003774
  54.82841       -0.0000003732
  54.92846       -0.0000003692
  55.02851       -0.0000003652
  55.12856       -0.0000003612
  55.22861       -0.0000003573
  55.32866       -0.0000003534
  55.42871       -0.0000003496
  55.52876       -0.0000003459
  55.62881       -0.0000003422
  55.72886       -0.0000003385
  55.82891       -0.0000003349
  55.92896       -0.0000003313
  56.02901       -0.0000003277
  56.12906       -0.0000003243
  56.22911       -0.0000003208
  56.32916       -0.0000003174
  56.42921       -0.0000003140
  56.52926       -0.0000003107
  56.62931       -0.0000003074
  56.72936       -0.0000003042
  56.82941       -0.0000003010
  56.92946       -0.0000002978
  57.02951       -0.0000002947
  57.12956       -0.0000002916
  57.22961       -0.0000002886
  57.32966       -0.0000002856
  57.42971       -0.0000002826
  57.52976       -0.0000002797
  57.62981       -0.0000002768
  57.72986       -0.0000002739
  57.82991       -0.0000002711
  57.92996       -0.0000002683
  58.03002       -0.0000002655
  58.13007       -0.0000002628
  58.23012       -0.0000002601
  58.33017       -0.0000002574
  58.43022       -0.0000002548
  58.53027       -0.0000002522
  58.63032       -0.0000002496
  58.73037       -0.0000002471
  58.83042       -0.0000002445
  58.93047       -0.0000002421
  59.03052       -0.0000002396
  59.13057       -0.0000002372
  59.23062       -0.0000002348
  59.33067       -0.0000002324
  59.43072       -0.0000002301
  59.53077       -0.0000002278
  59.63082       -0.0000002255
  59.73087       -0.0000002232
  59.83092       -0.0000002210
  59.93097       -0.0000002188
  60.03102       -0.0000002166
  60.13107       -0.0000002145
  60.23112       -0.0000002123
  60.33117       -0.0000002102
  60.43122       -0.0000002082
  60.53127       -0.0000002061
  60.63132       -0.0000002041
  60.73137       -0.0000002021
  60.83142       -0.0000002001
  60.93147       -0.0000001981
  61.03152       -0.0000001962
  61.13157       -0.0000001942
  61.23162       -0.0000001924
  61.33167       -0.0000001905
  61.43172       -0.0000001886
  61.53177       -0.0000001868
  61.63182       -0.0000001850
  61.73187       -0.0000001832
  61.83192       -0.0000001814
  61.93197       -0.0000001797
  62.03202       -0.0000001779
  62.13207       -0.0000001762
  62.23212       -0.0000001745
  62.33217       -0.0000001728
  62.43222       -0.0000001712
  62.53227       -0.0000001696
  62.63232       -0.0000001679
  62.73237       -0.0000001663
  62.83242       -0.0000001648
  62.93247       -0.0000001632
  63.03252       -0.0000001616
  63.13257       -0.0000001601
  63.23262       -0.0000001586
  63.33267       -0.0000001571
  63.43272       -0.0000001556
  63.53277       -0.0000001541
  63.63282       -0.0000001527
  63.73287       -0.0000001513
  63.83292       -0.0000001499
  63.93297       -0.0000001484
  64.03302       -0.0000001471
  64.13307       -0.0000001457
  64.23312       -0.0000001443
  64.33317       -0.0000001430
  64.43322       -0.0000001417
  64.53327       -0.0000001404
  64.63332       -0.0000001391
  64.73337       -0.0000001378
  64.83342       -0.0000001365
  64.93347       -0.0000001352
  65.03352       -0.0000001340
  65.13357       -0.0000001328
  65.23362       -0.0000001315
  65.33367       -0.0000001303
  65.43372       -0.0000001292
  65.53377       -0.0000001280
  65.63382       -0.0000001268
  65.73387       -0.0000001257
  65.83392       -0.0000001245
  65.93397       -0.0000001234
  66.03402       -0.0000001223
  66.13407       -0.0000001212
  66.23412       -0.0000001201
  66.33417       -0.0000001190
  66.43422       -0.0000001179
  66.53427       -0.0000001169
  66.63432       -0.0000001158
  66.73437       -0.0000001148
  66.83442       -0.0000001137
  66.93447       -0.0000001127
  67.03452       -0.0000001117
  67.13457       -0.0000001107
  67.23462       -0.0000001097
  67.33467       -0.0000001088
  67.43472       -0.0000001078
  67.53477       -0.0000001068
  67.63482       -0.0000001059
  67.73487       -0.0000001050
  67.83492       -0.0000001040
  67.93497       -0.0000001031
  68.03502       -0.0000001022
  68.13507       -0.0000001013
  68.23512       -0.0000001004
  68.33517       -0.0000000995
  68.43522       -0.0000000987
  68.53527       -0.0000000978
  68.63532       -0.0000000970
  68.73537       -0.0000000961
  68.83542       -0.0000000953
  68.93547       -0.0000000945
  69.03552       -0.0000000936
  69.13557       -0.0000000928
  69.23562       -0.0000000920
  69.33567       -0.0000000912
  69.43572       -0.0000000904
  69.53577       -0.0000000897
  69.63582       -0.0000000889
  69.73587       -0.0000000881
  69.83592       -0.0000000874
  69.93597       -0.0000000866
  70.03602       -0.0000000859
  70.13607       -0.0000000852
  70.23612       -0.0000000844
  70.33617       -0.0000000837
  70.43622       -0.0000000830
  70.53627       -0.0000000823
  70.63632       -0.0000000816
  70.73637       -0.0000000809
  70.83642       -0.0000000802
  70.93647       -0.0000000796
  71.03652       -0.0000000789
  71.13657       -0.0000000782
  71.23662       -0.0000000776
  71.33667       -0.0000000769
  71.43672       -0.0000000763
  71.53677       -0.0000000756
  71.63682       -0.0000000750
  71.73687       -0.0000000744
  71.83692       -0.0000000738
  71.93697       -0.0000000731
  72.03702       -0.0000000725
  72.13707       -0.0000000719
  72.23712       -0.0000000713
  72.33717       -0.0000000707
  72.43722       -0.0000000702
  72.53727       -0.0000000696
  72.63732       -0.0000000690
  72.73737       -0.0000000684
  72.83742       -0.0000000679
  72.93747       -0.0000000673
  73.03752       -0.0000000668
  73.13757       -0.0000000662
  73.23762       -0.0000000657
  73.33767       -0.0000000651
  73.43772       -0.0000000646
  73.53777       -0.0000000641
  73.63782       -0.0000000636
  73.73787       -0.0000000631
  73.83792       -0.0000000625
  73.93797       -0.0000000620
  74.03802       -0.0000000615
  74.13807       -0.0000000610
  74.23812       -0.0000000605
  74.33817       -0.0000000601
  74.43822       -0.0000000596
  74.53827       -0.0000000591
  74.63832       -0.0000000586
  74.73837       -0.0000000582
  74.83842       -0.0000000577
  74.93847       -0.0000000572
  75.03852       -0.0000000568
  75.13857       -0.0000000563
  75.23862       -0.0000000559
  75.33867       -0.0000000554
  75.43872       -0.0000000550
  75.53877       -0.0000000546
  75.63882       -0.0000000541
  75.73887       -0.0000000537
  75.83892       -0.0000000533
  75.93897       -0.0000000529
  76.03902       -0.0000000524
  76.13907       -0.0000000520
  76.23912       -0.0000000516
  76.33917       -0.0000000512
  76.43922       -0.0000000508
  76.53927       -0.0000000504
  76.63932       -0.0000000500
  76.73937       -0.0000000496
  76.83942       -0.0000000492
  76.93947       -0.0000000489
  77.03952       -0.0000000485
  77.13957       -0.0000000481
  77.23962       -0.0000000477
  77.33967       -0.0000000474
  77.43972       -0.0000000470
  77.53977       -0.0000000466
  77.63982       -0.0000000463
  77.73987       -0.0000000459
  77.83992       -0.0000000456
  77.93997       -0.0000000452
  78.04002       -0.0000000449
  78.14007       -0.0000000445
  78.24012       -0.0000000442
  78.34017       -0.0000000438
  78.44022       -0.0000000435
  78.54027       -0.0000000432
  78.64032       -0.0000000429
  78.74037       -0.0000000425
  78.84042       -0.0000000422
  78.94047       -0.0000000419
  79.04052       -0.0000000416
  79.14057       -0.0000000413
  79.24062       -0.0000000409
  79.34067       -0.0000000406
  79.44072       -0.0000000403
  79.54077       -0.0000000400
  79.64082       -0.0000000397
  79.74087       -0.0000000394
  79.84092       -0.0000000391
  79.94097       -0.0000000388
  80.04102       -0.0000000385
  80.14107       -0.0000000383
  80.24112       -0.0000000380
  80.34117       -0.0000000377
  80.44122       -0.0000000374
  80.54127       -0.0000000371
  80.64132       -0.0000000369
  80.74137       -0.0000000366
  80.84142       -0.0000000363
  80.94147       -0.0000000360
  81.04152       -0.0000000358
  81.14157       -0.0000000355
  81.24162       -0.0000000352
  81.34167       -0.0000000350
  81.44172       -0.0000000347
  81.54177       -0.0000000345
  81.64182       -0.0000000342
  81.74187       -0.0000000340
  81.84192       -0.0000000337
  81.94197       -0.0000000335
  82.04202       -0.0000000332
  82.14207       -0.0000000330
  82.24212       -0.0000000328
  82.34217       -0.0000000325
  82.44222       -0.0000000323
  82.54227       -0.0000000320
  82.64232       -0.0000000318
  82.74237       -0.0000000316
  82.84242       -0.0000000314
  82.94247       -0.0000000311
  83.04252       -0.0000000309
  83.14257       -0.0000000307
  83.24262       -0.0000000305
  83.34267       -0.0000000302
  83.44272       -0.0000000300
  83.54277       -0.0000000298
  83.64282       -0.0000000296
  83.74287       -0.0000000294
  83.84292       -0.0000000292
  83.94297       -0.0000000290
  84.04302       -0.0000000288
  84.14307       -0.0000000286
  84.24312       -0.0000000284
  84.34317       -0.0000000282
  84.44322       -0.0000000280
  84.54327       -0.0000000278
  84.64332       -0.0000000276
  84.74337       -0.0000000274
  84.84342       -0.0000000272
  84.94347       -0.0000000270
  85.04352       -0.0000000268
  85.14357       -0.0000000266
  85.24362       -0.0000000264
  85.34367       -0.0000000262
  85.44372       -0.0000000260
  85.54377       -0.0000000259
  85.64382       -0.0000000257
  85.74387       -0.0000000255
  85.84392       -0.0000000253
  85.94397       -0.0000000251
  86.04402       -0.0000000250
  86.14407       -0.0000000248
  86.24412       -0.0000000246
  86.34417       -0.0000000245
  86.44422       -0.0000000243
  86.54427       -0.0000000241
  86.64432       -0.0000000240
  86.74437       -0.0000000238
  86.84442       -0.0000000236
  86.94447       -0.0000000235
  87.04452       -0.0000000233
  87.14457       -0.0000000231
  87.24462       -0.0000000230
  87.34467       -0.0000000228
  87.44472       -0.0000000227
  87.54477       -0.0000000225
  87.64482       -0.0000000224
  87.74487       -0.0000000222
  87.84492       -0.0000000221
  87.94497       -0.0000000219
  88.04502       -0.0000000218
  88.14507       -0.0000000216
  88.24512       -0.0000000215
  88.34517       -0.0000000213
  88.44522       -0.0000000212
  88.54527       -0.0000000210
  88.64532       -0.0000000209
  88.74537       -0.0000000207
  88.84542       -0.0000000206
  88.94547       -0.0000000205
  89.04552       -0.0000000203
  89.14557       -0.0000000202
  89.24562       -0.0000000201
  89.34567       -0.0000000199
  89.44572       -0.0000000198
  89.54577       -0.0000000197
  89.64582       -0.0000000195
  89.74587       -0.0000000194
  89.84592       -0.0000000193
  89.94597       -0.0000000191
  90.04602       -0.0000000190
  90.14607       -0.0000000189
  90.24612       -0.0000000188
  90.34617       -0.0000000186
  90.44622       -0.0000000185
  90.54627       -0.0000000184
  90.64632       -0.0000000183
  90.74637       -0.0000000181
  90.84642       -0.0000000180
  90.94647       -0.0000000179
  91.04652       -0.0000000178
  91.14657       -0.0000000177
  91.24662       -0.0000000176
  91.34667       -0.0000000174
  91.44672       -0.0000000173
  91.54677       -0.0000000172
  91.64682       -0.0000000171
  91.74687       -0.0000000170
  91.84692       -0.0000000169
  91.94697       -0.0000000168
  92.04702       -0.0000000167
  92.14707       -0.0000000166
  92.24712       -0.0000000164
  92.34717       -0.0000000163
  92.44722       -0.0000000162
  92.54727       -0.0000000161
  92.64732       -0.0000000160
  92.74737       -0.0000000159
  92.84742       -0.0000000158
  92.94747       -0.0000000157
  93.04752       -0.0000000156
  93.14757       -0.0000000155
  93.24762       -0.0000000154
  93.34767       -0.0000000153
  93.44772       -0.0000000152
  93.54777       -0.0000000151
  93.64782       -0.0000000150
  93.74787       -0.0000000149
  93.84792       -0.0000000148
  93.94797       -0.0000000147
  94.04802       -0.0000000146
  94.14807       -0.0000000146
  94.24812       -0.0000000145
  94.34817       -0.0000000144
  94.44822       -0.0000000143
  94.54827       -0.0000000142
  94.64832       -0.0000000141
  94.74837       -0.0000000140
  94.84842       -0.0000000139
  94.94847       -0.0000000138
  95.04852       -0.0000000137
  95.14857       -0.0000000137
  95.24862       -0.0000000136
  95.34867       -0.0000000135
  95.44872       -0.0000000134
  95.54877       -0.0000000133
  95.64882       -0.0000000132
  95.74887       -0.0000000132
  95.84892       -0.0000000131
  95.94897       -0.0000000130
  96.04902       -0.0000000129
  96.14907       -0.0000000128
  96.24912       -0.0000000127
  96.34917       -0.0000000127
  96.44922       -0.0000000126
  96.54927       -0.0000000125
  96.64932       -0.0000000124
  96.74937       -0.0000000124
  96.84942       -0.0000000123
  96.94947       -0.0000000122
  97.04952       -0.0000000121
  97.14957       -0.0000000121
  97.24962       -0.0000000120
  97.34967       -0.0000000119
  97.44972       -0.0000000118
  97.54977       -0.0000000118
  97.64982       -0.0000000117
  97.74987       -0.0000000116
  97.84992       -0.0000000115
  97.94997       -0.0000000115
  98.05003       -0.0000000114
  98.15008       -0.0000000113
  98.25013       -0.0000000113
  98.35018       -0.0000000112
  98.45023       -0.0000000111
  98.55028       -0.0000000111
  98.65033       -0.0000000110
  98.75038       -0.0000000109
  98.85043       -0.0000000109
  98.95048       -0.0000000108
  99.05053       -0.0000000107
  99.15058       -0.0000000107
  99.25063       -0.0000000106
  99.35068       -0.0000000105
  99.45073       -0.0000000105
  99.55078       -0.0000000104
  99.65083       -0.0000000103
  99.75088       -0.0000000103
  99.85093       -0.0000000102
  99.95098       -0.0000000102
 100.05103       -0.0000000101
 100.15108       -0.0000000100
 100.25113       -0.0000000100
 100.35118       -0.0000000099
 100.45123       -0.0000000099
 100.55128       -0.0000000098
 100.65133       -0.0000000097
 100.75138       -0.0000000097
 100.85143       -0.0000000096
 100.95148       -0.0000000096
 101.05153       -0.0000000095
 101.15158       -0.0000000095
 101.25163       -0.0000000094
 101.35168       -0.0000000093
 101.45173       -0.0000000093
 101.55178       -0.0000000092
 101.65183       -0.0000000092
 101.75188       -0.0000000091
 101.85193       -0.0000000091
 101.95198       -0.0000000090
 102.05203       -0.0000000090
 102.15208       -0.0000000089
 102.25213       -0.0000000089
 102.35218       -0.0000000088
 102.45223       -0.0000000088
 102.55228       -0.0000000087
 102.65233       -0.0000000087
 102.75238       -0.0000000086
 102.85243       -0.0000000086
 102.95248       -0.0000000085
 103.05253       -0.0000000085
 103.15258       -0.0000000084
 103.25263       -0.0000000084
 103.35268       -0.0000000083
 103.45273       -0.0000000083
 103.55278       -0.0000000082
 103.65283       -0.0000000082
 103.75288       -0.0000000081
 103.85293       -0.0000000081
 103.95298       -0.0000000080
 104.05303       -0.0000000080
 104.15308       -0.0000000079
 104.25313       -0.0000000079
 104.35318       -0.0000000078
 104.45323       -0.0000000078
 104.55328       -0.0000000078
 104.65333       -0.0000000077
 104.75338       -0.0000000077
 104.85343       -0.0000000076
 104.95348       -0.0000000076
 105.05353       -0.0000000075
 105.15358       -0.0000000075
 105.25363       -0.0000000075
 105.35368       -0.0000000074
 105.45373       -0.0000000074
 105.55378       -0.0000000073
 105.65383       -0.0000000073
 105.75388       -0.0000000072
 105.85393       -0.0000000072
 105.95398       -0.0000000072
 106.05403       -0.0000000071
 106.15408       -0.0000000071
 106.25413       -0.0000000070
 106.35418       -0.0000000070
 106.45423       -0.0000000070
 106.55428       -0.0000000069
 106.65433       -0.0000000069
 106.75438       -0.0000000068
 106.85443       -0.0000000068
 106.95448       -0.0000000068
 107.05453       -0.0000000067
 107.15458       -0.0000000067
 107.25463       -0.0000000067
 107.35468       -0.0000000066
 107.45473       -0.0000000066
 107.55478       -0.0000000065
 107.65483       -0.0000000065
 107.75488       -0.0000000065
 107.85493       -0.0000000064
 107.95498       -0.0000000064
 108.05503       -0.0000000064
 108.15508       -0.0000000063
 108.25513       -0.0000000063
 108.35518       -0.0000000063
 108.45523       -0.0000000062
 108.55528       -0.0000000062
 108.65533       -0.0000000062
 108.75538       -0.0000000061
 108.85543       -0.0000000061
 108.95548       -0.0000000061
 109.05553       -0.0000000060
 109.15558       -0.0000000060
 109.25563       -0.0000000060
 109.35568       -0.0000000059
 109.45573       -0.0000000059
 109.55578       -0.0000000059
 109.65583       -0.0000000058
 109.75588       -0.0000000058
 109.85593       -0.0000000058
 109.95598       -0.0000000057
 110.05603       -0.0000000057
 110.15608       -0.0000000057
 110.25613       -0.0000000056
 110.35618       -0.0000000056
 110.45623       -0.0000000056
 110.55628       -0.0000000055
 110.65633       -0.0000000055
 110.75638       -0.0000000055
 110.85643       -0.0000000055
 110.95648       -0.0000000054
 111.05653       -0.0000000054
 111.15658       -0.0000000054
 111.25663       -0.0000000053
 111.35668       -0.0000000053
 111.45673       -0.0000000053
 111.55678       -0.0000000053
 111.65683       -0.0000000052
 111.75688       -0.0000000052
 111.85693       -0.0000000052
 111.95698       -0.0000000051
 112.05703       -0.0000000051
 112.15708       -0.0000000051
 112.25713       -0.0000000051
 112.35718       -0.0000000050
 112.45723       -0.0000000050
 112.55728       -0.0000000050
 112.65733       -0.0000000050
 112.75738       -0.0000000049
 112.85743       -0.0000000049
 112.95748       -0.0000000049
 113.05753       -0.0000000049
 113.15758       -0.0000000048
 113.25763       -0.0000000048
 113.35768       -0.0000000048
 113.45773       -0.0000000048
 113.55778       -0.0000000047
 113.65783       -0.0000000047
 113.75788       -0.0000000047
 113.85793       -0.0000000047
 113.95798       -0.0000000046
 114.05803       -0.0000000046
 114.15808       -0.0000000046
 114.25813       -0.0000000046
 114.35818       -0.0000000045
 114.45823       -0.0000000045
 114.55828       -0.0000000045
 114.65833       -0.0000000045
 114.75838       -0.0000000044
 114.85843       -0.0000000044
 114.95848       -0.0000000044
 115.05853       -0.0000000044
 115.15858       -0.0000000043
 115.25863       -0.0000000043
 115.35868       -0.0000000043
 115.45873       -0.0000000043
 115.55878       -0.0000000043
 115.65883       -0.0000000042
 115.75888       -0.0000000042
 115.85893       -0.0000000042
 115.95898       -0.0000000042
 116.05903       -0.0000000041
 116.15908       -0.0000000041
 116.25913       -0.0000000041
 116.35918       -0.0000000041
 116.45923       -0.0000000041
 116.55928       -0.0000000040
 116.65933       -0.0000000040
 116.75938       -0.0000000040
 116.85943       -0.0000000040
 116.95948       -0.0000000040
 117.05953       -0.0000000039
 117.15958       -0.0000000039
 117.25963       -0.0000000039
 117.35968       -0.0000000039
 117.45973       -0.0000000039
 117.55978       -0.0000000038
 117.65983       -0.0000000038
 117.75988       -0.0000000038
 117.85993       -0.0000000038
 117.95998       -0.0000000038
 118.06003       -0.0000000037
 118.16008       -0.0000000037
 118.26013       -0.0000000037
 118.36018       -0.0000000037
 118.46023       -0.0000000037
 118.56028       -0.0000000036
 118.66033       -0.0000000036
 118.76038       -0.0000000036
 118.86043       -0.0000000036
 118.96048       -0.0000000036
 119.06053       -0.0000000036
 119.16058       -0.0000000035
 119.26063       -0.0000000035
 119.36068       -0.0000000035
 119.46073       -0.0000000035
 119.56078       -0.0000000035
 119.66083       -0.0000000035
 119.76088       -0.0000000034
 119.86093       -0.0000000034
 119.96098       -0.0000000034
 120.06103       -0.0000000034
 120.16108       -0.0000000034
 120.26113       -0.0000000033
 120.36118       -0.0000000033
 120.46123       -0.0000000033
 120.56128       -0.0000000033
 120.66133       -0.0000000033
 120.76138       -0.0000000033
 120.86143       -0.0000000033
 120.96148       -0.0000000032
 121.06153       -0.0000000032
 121.16158       -0.0000000032
 121.26163       -0.0000000032
 121.36168       -0.0000000032
 121.46173       -0.0000000032
 121.56178       -0.0000000031
 121.66183       -0.0000000031
 121.76188       -0.0000000031
 121.86193       -0.0000000031
 121.96198       -0.0000000031
 122.06203       -0.0000000031
 122.16208       -0.0000000030
 122.26213       -0.0000000030
 122.36218       -0.0000000030
 122.46223       -0.0000000030
 122.56228       -0.0000000030
 122.66233       -0.0000000030
 122.76238       -0.0000000030
 122.86243       -0.0000000029
 122.96248       -0.0000000029
 123.06253       -0.0000000029
 123.16258       -0.0000000029
 123.26263       -0.0000000029
 123.36268       -0.0000000029
 123.46273       -0.0000000029
 123.56278       -0.0000000028
 123.66283       -0.0000000028
 123.76288       -0.0000000028
 123.86293       -0.0000000028
 123.96298       -0.0000000028
 124.06303       -0.0000000028
 124.16308       -0.0000000028
 124.26313       -0.0000000028
 124.36318       -0.0000000027
 124.46323       -0.0000000027
 124.56328       -0.0000000027
 124.66333       -0.0000000027
 124.76338       -0.0000000027
 124.86343       -0.0000000027
 124.96348       -0.0000000027
 125.06353       -0.0000000026
 125.16358       -0.0000000026
 125.26363       -0.0000000026
 125.36368       -0.0000000026
 125.46373       -0.0000000026
 125.56378       -0.0000000026
 125.66383       -0.0000000026
 125.76388       -0.0000000026
 125.86393       -0.0000000025
 125.96398       -0.0000000025
 126.06403       -0.0000000025
 126.16408       -0.0000000025
 126.26413       -0.0000000025
 126.36418       -0.0000000025
 126.46423       -0.0000000025
 126.56428       -0.0000000025
 126.66433       -0.0000000025
 126.76438       -0.0000000024
 126.86443       -0.0000000024
 126.96448       -0.0000000024
 127.06453       -0.0000000024
 127.16458       -0.0000000024
 127.26463       -0.0000000024
 127.36468       -0.0000000024
 127.46473       -0.0000000024
 127.56478       -0.0000000024
 127.66483       -0.0000000023
 127.76488       -0.0000000023
 127.86493       -0.0000000023
 127.96498       -0.0000000023
 128.06503       -0.0000000023
 128.16508       -0.0000000023
 128.26513       -0.0000000023
 128.36518       -0.0000000023
 128.46523       -0.0000000023
 128.56528       -0.0000000022
 128.66533       -0.0000000022
 128.76538       -0.0000000022
 128.86543       -0.0000000022
 128.96548       -0.0000000022
 129.06553       -0.0000000022
 129.16558       -0.0000000022
 129.26563       -0.0000000022
 129.36568       -0.0000000022
 129.46573       -0.0000000022
 129.56578       -0.0000000021
 129.66583       -0.0000000021
 129.76588       -0.0000000021
 129.86593       -0.0000000021
 129.96598       -0.0000000021
 130.06603       -0.0000000021
 130.16608       -0.0000000021
 130.26613       -0.0000000021
 130.36618       -0.0000000021
 130.46623       -0.0000000021
 130.56628       -0.0000000020
 130.66633       -0.0000000020
 130.76638       -0.0000000020
 130.86643       -0.0000000020
 130.96648       -0.0000000020
 131.06653       -0.0000000020
 131.16658       -0.0000000020
 131.26663       -0.0000000020
 131.36668       -0.0000000020
 131.46673       -0.0000000020
 131.56678       -0.0000000020
 131.66683       -0.0000000019
 131.76688       -0.0000000019
 131.86693       -0.0000000019
 131.96698       -0.0000000019
 132.06703       -0.0000000019
 132.16708       -0.0000000019
 132.26713       -0.0000000019
 132.36718       -0.0000000019
 132.46723       -0.0000000019
 132.56728       -0.0000000019
 132.66733       -0.0000000019
 132.76738       -0.0000000018
 132.86743       -0.0000000018
 132.96748       -0.0000000018
 133.06753       -0.0000000018
 133.16758       -0.0000000018
 133.26763       -0.0000000018
 133.36768       -0.0000000018
 133.46773       -0.0000000018
 133.56778       -0.0000000018
 133.66783       -0.0000000018
 133.76788       -0.0000000018
 133.86793       -0.0000000018
 133.96798       -0.0000000018
 134.06803       -0.0000000017
 134.16808       -0.0000000017
 134.26813       -0.0000000017
 134.36818       -0.0000000017
 134.46823       -0.0000000017
 134.56828       -0.0000000017
 134.66833       -0.0000000017
 134.76838       -0.0000000017
 134.86843       -0.0000000017
 134.96848       -0.0000000017
 135.06853       -0.0000000017
 135.16858       -0.0000000017
 135.26863       -0.0000000017
 135.36868       -0.0000000016
 135.46873       -0.0000000016
 135.56878       -0.0000000016
 135.66883       -0.0000000016
 135.76888       -0.0000000016
 135.86893       -0.0000000016
 135.96898       -0.0000000016
 136.06903       -0.0000000016
 136.16908       -0.0000000016
 136.26913       -0.0000000016
 136.36918       -0.0000000016
 136.46923       -0.0000000016
 136.56928       -0.0000000016
 136.66933       -0.0000000016
 136.76938       -0.0000000015
 136.86943       -0.0000000015
 136.96948       -0.0000000015
 137.06953       -0.0000000015
 137.16958       -0.0000000015
 137.26963       -0.0000000015
 137.36968       -0.0000000015
 137.46973       -0.0000000015
 137.56978       -0.0000000015
 137.66983       -0.0000000015
 137.76988       -0.0000000015
 137.86993       -0.0000000015
 137.96998       -0.0000000015
 138.07004       -0.0000000015
 138.17009       -0.0000000015
 138.27014       -0.0000000014
 138.37019       -0.0000000014
 138.47024       -0.0000000014
 138.57029       -0.0000000014
 138.67034       -0.0000000014
 138.77039       -0.0000000014
 138.87044       -0.0000000014
 138.97049       -0.0000000014
 139.07054       -0.0000000014
 139.17059       -0.0000000014
 139.27064       -0.0000000014
 139.37069       -0.0000000014
 139.47074       -0.0000000014
 139.57079       -0.0000000014
 139.67084       -0.0000000014
 139.77089       -0.0000000014
 139.87094       -0.0000000014
 139.97099       -0.0000000013
 140.07104       -0.0000000013
 140.17109       -0.0000000013
 140.27114       -0.0000000013
 140.37119       -0.0000000013
 140.47124       -0.0000000013
 140.57129       -0.0000000013
 140.67134       -0.0000000013
 140.77139       -0.0000000013
 140.87144       -0.0000000013
 140.97149       -0.0000000013
 141.07154       -0.0000000013
 141.17159       -0.0000000013
 141.27164       -0.0000000013
 141.37169       -0.0000000013
 141.47174       -0.0000000013
 141.57179       -0.0000000013
 141.67184       -0.0000000013
 141.77189       -0.0000000012
 141.87194       -0.0000000012
 141.97199       -0.0000000012
 142.07204       -0.0000000012
 142.17209       -0.0000000012
 142.27214       -0.0000000012
 142.37219       -0.0000000012
 142.47224       -0.0000000012
 142.57229       -0.0000000012
 142.67234       -0.0000000012
 142.77239       -0.0000000012
 142.87244       -0.0000000012
 142.97249       -0.0000000012
 143.07254       -0.0000000012
 143.17259       -0.0000000012
 143.27264       -0.0000000012
 143.37269       -0.0000000012
 143.47274       -0.0000000012
 143.57279       -0.0000000012
 143.67284       -0.0000000012
 143.77289       -0.0000000011
 143.87294       -0.0000000011
 143.97299       -0.0000000011
 144.07304       -0.0000000011
 144.17309       -0.0000000011
 144.27314       -0.0000000011
 144.37319       -0.0000000011
 144.47324       -0.0000000011
 144.57329       -0.0000000011
 144.67334       -0.0000000011
 144.77339       -0.0000000011
 144.87344       -0.0000000011
 144.97349       -0.0000000011
 145.07354       -0.0000000011
 145.17359       -0.0000000011
 145.27364       -0.0000000011
 145.37369       -0.0000000011
 145.47374       -0.0000000011
 145.57379       -0.0000000011
 145.67384       -0.0000000011
 145.77389       -0.0000000011
 145.87394       -0.0000000011
 145.97399       -0.0000000010
 146.07404       -0.0000000010
 146.17409       -0.0000000010
 146.27414       -0.0000000010
 146.37419       -0.0000000010
 146.47424       -0.0000000010
 146.57429       -0.0000000010
 146.67434       -0.0000000010
 146.77439       -0.0000000010
 146.87444       -0.0000000010
 146.97449       -0.0000000010
 147.07454       -0.0000000010
 147.17459       -0.0000000010
 147.27464       -0.0000000010
 147.37469       -0.0000000010
 147.47474       -0.0000000010
 147.57479       -0.0000000010
 147.67484       -0.0000000010
 147.77489       -0.0000000010
 147.87494       -0.0000000010
 147.97499       -0.0000000010
 148.07504       -0.0000000010
 148.17509       -0.0000000010
 148.27514       -0.0000000010
 148.37519       -0.0000000009
 148.47524       -0.0000000009
 148.57529       -0.0000000009
 148.67534       -0.0000000009
 148.77539       -0.0000000009
 148.87544       -0.0000000009
 148.97549       -0.0000000009
 149.07554       -0.0000000009
 149.17559       -0.0000000009
 149.27564       -0.0000000009
 149.37569       -0.0000000009
 149.47574       -0.0000000009
 149.57579       -0.0000000009
 149.67584       -0.0000000009
 149.77589       -0.0000000009
 149.87594       -0.0000000009
 149.97599       -0.0000000009
 150.07604       -0.0000000009
 150.17609       -0.0000000009
 150.27614       -0.0000000009
 150.37619       -0.0000000009
 150.47624       -0.0000000009
 150.57629       -0.0000000009
 150.67634       -0.0000000009
 150.77639       -0.0000000009
 150.87644       -0.0000000009
 150.97649       -0.0000000009
 151.07654       -0.0000000009
 151.17659       -0.0000000008
 151.27664       -0.0000000008
 151.37669       -0.0000000008
 151.47674       -0.0000000008
 151.57679       -0.0000000008
 151.67684       -0.0000000008
 151.77689       -0.0000000008
 151.87694       -0.0000000008
 151.97699       -0.0000000008
 152.07704       -0.0000000008
 152.17709       -0.0000000008
 152.27714       -0.0000000008
 152.37719       -0.0000000008
 152.47724       -0.0000000008
 152.57729       -0.0000000008
 152.67734       -0.0000000008
 152.77739       -0.0000000008
 152.87744       -0.0000000008
 152.97749       -0.0000000008
 153.07754       -0.0000000008
 153.17759       -0.0000000008
 153.27764       -0.0000000008
 153.37769       -0.0000000008
 153.47774       -0.0000000008
 153.57779       -0.0000000008
 153.67784       -0.0000000008
 153.77789       -0.0000000008
 153.87794       -0.0000000008
 153.97799       -0.0000000008
 154.07804       -0.0000000008
 154.17809       -0.0000000008
 154.27814       -0.0000000008
 154.37819       -0.0000000007
 154.47824       -0.0000000007
 154.57829       -0.0000000007
 154.67834       -0.0000000007
 154.77839       -0.0000000007
 154.87844       -0.0000000007
 154.97849       -0.0000000007
 155.07854       -0.0000000007
 155.17859       -0.0000000007
 155.27864       -0.0000000007
 155.37869       -0.0000000007
 155.47874       -0.0000000007
 155.57879       -0.0000000007
 155.67884       -0.0000000007
 155.77889       -0.0000000007
 155.87894       -0.0000000007
 155.97899       -0.0000000007
 156.07904       -0.0000000007
 156.17909       -0.0000000007
 156.27914       -0.0000000007
 156.37919       -0.0000000007
 156.47924       -0.0000000007
 156.57929       -0.0000000007
 156.67934       -0.0000000007
 156.77939       -0.0000000007
 156.87944       -0.0000000007
 156.97949       -0.0000000007
 157.07954       -0.0000000007
 157.17959       -0.0000000007
 157.27964       -0.0000000007
 157.37969       -0.0000000007
 157.47974       -0.0000000007
 157.57979       -0.0000000007
 157.67984       -0.0000000007
 157.77989       -0.0000000007
 157.87994       -0.0000000007
 157.97999       -0.0000000007
 158.08004       -0.0000000006
 158.18009       -0.0000000006
 158.28014       -0.0000000006
 158.38019       -0.0000000006
 158.48024       -0.0000000006
 158.58029       -0.0000000006
 158.68034       -0.0000000006
 158.78039       -0.0000000006
 158.88044       -0.0000000006
 158.98049       -0.0000000006
 159.08054       -0.0000000006
 159.18059       -0.0000000006
 159.28064       -0.0000000006
 159.38069       -0.0000000006
 159.48074       -0.0000000006
 159.58079       -0.0000000006
 159.68084       -0.0000000006
 159.78089       -0.0000000006
 159.88094       -0.0000000006
 159.98099       -0.0000000006
 160.08104       -0.0000000006
 160.18109       -0.0000000006
 160.28114       -0.0000000006
 160.38119       -0.0000000006
 160.48124       -0.0000000006
 160.58129       -0.0000000006
 160.68134       -0.0000000006
 160.78139       -0.0000000006
 160.88144       -0.0000000006
 160.98149       -0.0000000006
 161.08154       -0.0000000006
 161.18159       -0.0000000006
 161.28164       -0.0000000006
 161.38169       -0.0000000006
 161.48174       -0.0000000006
 161.58179       -0.0000000006
 161.68184       -0.0000000006
 161.78189       -0.0000000006
 161.88194       -0.0000000006
 161.98199       -0.0000000006
 162.08204       -0.0000000006
 162.18209       -0.0000000006
 162.28214       -0.0000000006
 162.38219       -0.0000000006
 162.48224       -0.0000000006
 162.58229       -0.0000000005
 162.68234       -0.0000000005
 162.78239       -0.0000000005
 162.88244       -0.0000000005
 162.98249       -0.0000000005
 163.08254       -0.0000000005
 163.18259       -0.0000000005
 163.28264       -0.0000000005
 163.38269       -0.0000000005
 163.48274       -0.0000000005
 163.58279       -0.0000000005
 163.68284       -0.0000000005
 163.78289       -0.0000000005
 163.88294       -0.0000000005
 163.98299       -0.0000000005
 164.08304       -0.0000000005
 164.18309       -0.0000000005
 164.28314       -0.0000000005
 164.38319       -0.0000000005
 164.48324       -0.0000000005
 164.58329       -0.0000000005
 164.68334       -0.0000000005
 164.78339       -0.0000000005
 164.88344       -0.0000000005
 164.98349       -0.0000000005
 165.08354       -0.0000000005
 165.18359       -0.0000000005
 165.28364       -0.0000000005
 165.38369       -0.0000000005
 165.48374       -0.0000000005
 165.58379       -0.0000000005
 165.68384       -0.0000000005
 165.78389       -0.0000000005
 165.88394       -0.0000000005
 165.98399       -0.0000000005
 166.08404       -0.0000000005
 166.18409       -0.0000000005
 166.28414       -0.0000000005
 166.38419       -0.0000000005
 166.48424       -0.0000000005
 166.58429       -0.0000000005
 166.68434       -0.0000000005
 166.78439       -0.0000000005
 166.88444       -0.0000000005
 166.98449       -0.0000000005
 167.08454       -0.0000000005
 167.18459       -0.0000000005
 167.28464       -0.0000000005
 167.38469       -0.0000000005
 167.48474       -0.0000000005
 167.58479       -0.0000000005
 167.68484       -0.0000000005
 167.78489       -0.0000000005
 167.88494       -0.0000000005
 167.98499       -0.0000000005
 168.08504       -0.0000000004
 168.18509       -0.0000000004
 168.28514       -0.0000000004
 168.38519       -0.0000000004
 168.48524       -0.0000000004
 168.58529       -0.0000000004
 168.68534       -0.0000000004
 168.78539       -0.0000000004
 168.88544       -0.0000000004
 168.98549       -0.0000000004
 169.08554       -0.0000000004
 169.18559       -0.0000000004
 169.28564       -0.0000000004
 169.38569       -0.0000000004
 169.48574       -0.0000000004
 169.58579       -0.0000000004
 169.68584       -0.0000000004
 169.78589       -0.0000000004
 169.88594       -0.0000000004
 169.98599       -0.0000000004
 170.08604       -0.0000000004
 170.18609       -0.0000000004
 170.28614       -0.0000000004
 170.38619       -0.0000000004
 170.48624       -0.0000000004
 170.58629       -0.0000000004
 170.68634       -0.0000000004
 170.78639       -0.0000000004
 170.88644       -0.0000000004
 170.98649       -0.0000000004
 171.08654       -0.0000000004
 171.18659       -0.0000000004
 171.28664       -0.0000000004
 171.38669       -0.0000000004
 171.48674       -0.0000000004
 171.58679       -0.0000000004
 171.68684       -0.0000000004
 171.78689       -0.0000000004
 171.88694       -0.0000000004
 171.98699       -0.0000000004
 172.08704       -0.0000000004
 172.18709       -0.0000000004
 172.28714       -0.0000000004
 172.38719       -0.0000000004
 172.48724       -0.0000000004
 172.58729       -0.0000000004
 172.68734       -0.0000000004
 172.78739       -0.0000000004
 172.88744       -0.0000000004
 172.98749       -0.0000000004
 173.08754       -0.0000000004
 173.18759       -0.0000000004
 173.28764       -0.0000000004
 173.38769       -0.0000000004
 173.48774       -0.0000000004
 173.58779       -0.0000000004
 173.68784       -0.0000000004
 173.78789       -0.0000000004
 173.88794       -0.0000000004
 173.98799       -0.0000000004
 174.08804       -0.0000000004
 174.18809       -0.0000000004
 174.28814       -0.0000000004
 174.38819       -0.0000000004
 174.48824       -0.0000000004
 174.58829       -0.0000000004
 174.68834       -0.0000000004
 174.78839       -0.0000000004
 174.88844       -0.0000000004
 174.98849       -0.0000000004
 175.08854       -0.0000000004
 175.18859       -0.0000000004
 175.28864       -0.0000000003
 175.38869       -0.0000000003
 175.48874       -0.0000000003
 175.58879       -0.0000000003
 175.68884       -0.0000000003
 175.78889       -0.0000000003
 175.88894       -0.0000000003
 175.98899       -0.0000000003
 176.08904       -0.0000000003
 176.18909       -0.0000000003
 176.28914       -0.0000000003
 176.38919       -0.0000000003
 176.48924       -0.0000000003
 176.58929       -0.0000000003
 176.68934       -0.0000000003
 176.78939       -0.0000000003
 176.88944       -0.0000000003
 176.98949       -0.0000000003
 177.08954       -0.0000000003
 177.18959       -0.0000000003
 177.28964       -0.0000000003
 177.38969       -0.0000000003
 177.48974       -0.0000000003
 177.58979       -0.0000000003
 177.68984       -0.0000000003
 177.78989       -0.0000000003
 177.88994       -0.0000000003
 177.98999       -0.0000000003
 178.09005       -0.0000000003
 178.19010       -0.0000000003
 178.29015       -0.0000000003
 178.39020       -0.0000000003
 178.49025       -0.0000000003
 178.59030       -0.0000000003
 178.69035       -0.0000000003
 178.79040       -0.0000000003
 178.89045       -0.0000000003
 178.99050       -0.0000000003
 179.09055       -0.0000000003
 179.19060       -0.0000000003
 179.29065       -0.0000000003
 179.39070       -0.0000000003
 179.49075       -0.0000000003
 179.59080       -0.0000000003
 179.69085       -0.0000000003
 179.79090       -0.0000000003
 179.89095       -0.0000000003
 179.99100       -0.0000000003
 180.09105       -0.0000000003
 180.19110       -0.0000000003
 180.29115       -0.0000000003
 180.39120       -0.0000000003
 180.49125       -0.0000000003
 180.59130       -0.0000000003
 180.69135       -0.0000000003
 180.79140       -0.0000000003
 180.89145       -0.0000000003
 180.99150       -0.0000000003
 181.09155       -0.0000000003
 181.19160       -0.0000000003
 181.29165       -0.0000000003
 181.39170       -0.0000000003
 181.49175       -0.0000000003
 181.59180       -0.0000000003
 181.69185       -0.0000000003
 181.79190       -0.0000000003
 181.89195       -0.0000000003
 181.99200       -0.0000000003
 182.09205       -0.0000000003
 182.19210       -0.0000000003
 182.29215       -0.0000000003
 182.39220       -0.0000000003
 182.49225       -0.0000000003
 182.59230       -0.0000000003
 182.69235       -0.0000000003
 182.79240       -0.0000000003
 182.89245       -0.0000000003
 182.99250       -0.0000000003
 183.09255       -0.0000000003
 183.19260       -0.0000000003
 183.29265       -0.0000000003
 183.39270       -0.0000000003
 183.49275       -0.0000000003
 183.59280       -0.0000000003
 183.69285       -0.0000000003
 183.79290       -0.0000000003
 183.89295       -0.0000000003
 183.99300       -0.0000000003
 184.09305       -0.0000000003
 184.19310       -0.0000000003
 184.29315       -0.0000000003
 184.39320       -0.0000000003
 184.49325       -0.0000000003
 184.59330       -0.0000000003
 184.69335       -0.0000000003
 184.79340       -0.0000000003
 184.89345       -0.0000000003
 184.99350       -0.0000000003
 185.09355       -0.0000000003
 185.19360       -0.0000000003
 185.29365       -0.0000000003
 185.39370       -0.0000000002
 185.49375       -0.0000000002
 185.59380       -0.0000000002
 185.69385       -0.0000000002
 185.79390       -0.0000000002
 185.89395       -0.0000000002
 185.99400       -0.0000000002
 186.09405       -0.0000000002
 186.19410       -0.0000000002
 186.29415       -0.0000000002
 186.39420       -0.0000000002
 186.49425       -0.0000000002
 186.59430       -0.0000000002
 186.69435       -0.0000000002
 186.79440       -0.0000000002
 186.89445       -0.0000000002
 186.99450       -0.0000000002
 187.09455       -0.0000000002
 187.19460       -0.0000000002
 187.29465       -0.0000000002
 187.39470       -0.0000000002
 187.49475       -0.0000000002
 187.59480       -0.0000000002
 187.69485       -0.0000000002
 187.79490       -0.0000000002
 187.89495       -0.0000000002
 187.99500       -0.0000000002
 188.09505       -0.0000000002
 188.19510       -0.0000000002
 188.29515       -0.0000000002
 188.39520       -0.0000000002
 188.49525       -0.0000000002
 188.59530       -0.0000000002
 188.69535       -0.0000000002
 188.79540       -0.0000000002
 188.89545       -0.0000000002
 188.99550       -0.0000000002
 189.09555       -0.0000000002
 189.19560       -0.0000000002
 189.29565       -0.0000000002
 189.39570       -0.0000000002
 189.49575       -0.0000000002
 189.59580       -0.0000000002
 189.69585       -0.0000000002
 189.79590       -0.0000000002
 189.89595       -0.0000000002
 189.99600       -0.0000000002
 190.09605       -0.0000000002
 190.19610       -0.0000000002
 190.29615       -0.0000000002
 190.39620       -0.0000000002
 190.49625       -0.0000000002
 190.59630       -0.0000000002
 190.69635       -0.0000000002
 190.79640       -0.0000000002
 190.89645       -0.0000000002
 190.99650       -0.0000000002
 191.09655       -0.0000000002
 191.19660       -0.0000000002
 191.29665       -0.0000000002
 191.39670       -0.0000000002
 191.49675       -0.0000000002
 191.59680       -0.0000000002
 191.69685       -0.0000000002
 191.79690       -0.0000000002
 191.89695       -0.0000000002
 191.99700       -0.0000000002
 192.09705       -0.0000000002
 192.19710       -0.0000000002
 192.29715       -0.0000000002
 192.39720       -0.0000000002
 192.49725       -0.0000000002
 192.59730       -0.0000000002
 192.69735       -0.0000000002
 192.79740       -0.0000000002
 192.89745       -0.0000000002
 192.99750       -0.0000000002
 193.09755       -0.0000000002
 193.19760       -0.0000000002
 193.29765       -0.0000000002
 193.39770       -0.0000000002
 193.49775       -0.0000000002
 193.59780       -0.0000000002
 193.69785       -0.0000000002
 193.79790       -0.0000000002
 193.89795       -0.0000000002
 193.99800       -0.0000000002
 194.09805       -0.0000000002
 194.19810       -0.0000000002
 194.29815       -0.0000000002
 194.39820       -0.0000000002
 194.49825       -0.0000000002
 194.59830       -0.0000000002
 194.69835       -0.0000000002
 194.79840       -0.0000000002
 194.89845       -0.0000000002
 194.99850       -0.0000000002
 195.09855       -0.0000000002
 195.19860       -0.0000000002
 195.29865       -0.0000000002
 195.39870       -0.0000000002
 195.49875       -0.0000000002
 195.59880       -0.0000000002
 195.69885       -0.0000000002
 195.79890       -0.0000000002
 195.89895       -0.0000000002
 195.99900       -0.0000000002
 196.09905       -0.0000000002
 196.19910       -0.0000000002
 196.29915       -0.0000000002
 196.39920       -0.0000000002
 196.49925       -0.0000000002
 196.59930       -0.0000000002
 196.69935       -0.0000000002
 196.79940       -0.0000000002
 196.89945       -0.0000000002
 196.99950       -0.0000000002
 197.09955       -0.0000000002
 197.19960       -0.0000000002
 197.29965       -0.0000000002
 197.39970       -0.0000000002
 197.49975       -0.0000000002
 197.59980       -0.0000000002
 197.69985       -0.0000000002
 197.79990       -0.0000000002
 197.89995       -0.0000000002
 198.00000       -0.0000000002
 198.10005       -0.0000000002
 198.20010       -0.0000000002
 198.30015       -0.0000000002
 198.40020       -0.0000000002
 198.50025       -0.0000000002
 198.60030       -0.0000000002
 198.70035       -0.0000000002
 198.80040       -0.0000000002
 198.90045       -0.0000000002
 199.00050       -0.0000000002
 199.10055       -0.0000000002
 199.20060       -0.0000000002
 199.30065       -0.0000000002
 199.40070       -0.0000000002
 199.50075       -0.0000000002
 199.60080       -0.0000000002
 199.70085       -0.0000000002
 199.80090       -0.0000000002
 199.90095       -0.0000000002
 200.00100       -0.0000000002
